CET,Max TemperatureC,Mean TemperatureC,Min TemperatureC,Dew PointC,MeanDew PointC,Min DewpointC,Max Humidity, Mean Humidity, Min Humidity, Max Sea Level PressurehPa, Mean Sea Level PressurehPa, Min Sea Level PressurehPa, Max VisibilityKm, Mean VisibilityKm, Min VisibilitykM, Max Wind SpeedKm/h, Mean Wind SpeedKm/h, Max Gust SpeedKm/h,Precipitationmm, CloudCover, Events,WindDirDegrees
2015-1-1,4,2,-1,2,0,-2,93,81,69,1036,1032,1025,19,11,8,34,18,52,0.00,2,,193
2015-1-2,11,7,2,10,4,0,100,76,46,1034,1028,1022,19,12,6,40,32,55,0.00,4,Rain,257
2015-1-3,6,3,1,4,3,1,100,93,80,1034,1025,1015,19,10,3,26,14,,10.92,5,Rain,209
2015-1-4,6,2,-1,4,2,-1,100,87,66,1037,1034,1029,31,12,4,21,14,,0.00,2,,275
2015-1-5,3,1,-2,3,1,-2,100,96,89,1036,1032,1027,8,5,0,19,11,,0.00,5,Fog,178
2015-1-6,7,2,-2,5,1,-2,100,94,79,1027,1023,1020,31,5,0,26,16,39,0.25,5,Fog-Rain,193
2015-1-7,6,3,-1,4,2,-1,100,90,78,1029,1026,1022,31,14,6,29,16,48,0.25,3,Rain,207
2015-1-8,8,6,2,8,6,3,100,91,82,1028,1022,1017,19,10,2,29,24,,17.02,6,Rain,226
2015-1-9,13,8,4,12,8,3,100,89,78,1027,1020,1015,19,12,6,55,31,85,1.02,5,Rain,230
2015-1-10,12,9,6,11,7,-1,94,78,45,1019,1015,1010,31,12,4,60,48,100,2.03,5,Rain,261
2015-1-11,9,7,5,5,2,-1,81,68,51,1024,1021,1017,26,14,10,55,42,72,0.00,2,,266
2015-1-12,10,8,7,9,7,4,100,85,67,1022,1015,1009,19,11,3,45,32,60,0.25,6,Rain,216
2015-1-13,9,7,5,9,7,3,99,90,72,1009,1005,1003,26,9,3,43,29,61,7.87,5,Rain,219
2015-1-14,6,3,1,4,2,0,94,82,58,1012,1008,1004,31,14,6,40,27,55,2.03,2,Rain-Snow-Hail-Thunderstorm,210
2015-1-15,10,7,3,8,6,2,93,85,65,1005,996,993,26,11,6,45,34,64,7.11,5,Rain,206
2015-1-16,7,5,3,5,2,1,93,83,66,1010,1005,1000,31,14,9,35,23,,0.76,2,Rain,224
2015-1-17,5,2,-1,2,0,-2,93,79,61,1016,1014,1011,26,14,6,32,18,,0.51,2,Rain-Snow,225
2015-1-18,3,2,2,2,2,1,100,93,84,1014,1012,1010,18,9,5,23,14,,5.08,6,Rain-Snow,196
2015-1-19,5,2,-1,2,1,-2,100,89,68,1013,1012,1012,31,11,5,14,5,,0.00,4,Rain,263
2015-1-20,4,1,-1,1,-1,-2,100,85,61,1013,1012,1011,31,11,5,16,6,,0.00,4,Rain,189
2015-1-21,1,-1,-2,-2,-3,-4,93,83,70,1014,1010,1009,11,8,5,16,13,,0.00,2,,111
2015-1-22,0,-1,-3,-2,-3,-4,93,84,73,1025,1019,1014,8,6,3,19,13,,0.00,6,,61
2015-1-23,3,0,-3,-1,-3,-4,93,84,67,1027,1026,1023,10,6,3,23,8,,0.00,2,,183
2015-1-24,6,2,-2,3,1,-3,93,78,64,1030,1023,1017,19,10,3,35,24,53,0.25,3,Rain,310
2015-1-25,7,6,4,4,3,2,93,84,66,1032,1030,1026,19,11,9,23,14,,0.00,4,Rain,254
2015-1-26,8,7,4,8,6,2,100,89,63,1027,1023,1020,19,10,5,29,18,,0.51,6,Rain,270
2015-1-27,7,6,4,5,4,3,100,86,72,1027,1025,1022,18,12,10,21,16,,0.00,4,,295
2015-1-28,8,6,4,7,3,-2,100,83,50,1022,1007,998,19,11,3,52,26,80,4.06,5,Rain,230
2015-1-29,7,4,2,3,1,-2,93,73,55,1000,986,974,27,13,10,50,37,69,3.05,3,Rain,248
2015-1-30,5,3,1,3,1,-2,93,81,62,979,978,976,31,14,6,35,26,53,0.25,5,Rain-Hail,271
2015-1-31,4,2,-1,2,1,-1,93,83,61,987,982,979,26,13,3,40,19,60,2.03,4,Rain-Snow-Hail,262
2015-2-1,6,4,2,3,2,0,94,82,67,1002,993,988,18,10,4,48,39,69,2.03,6,Rain-Snow-Hail,319
2015-2-2,3,2,2,1,-1,-2,81,77,67,1005,1003,1002,31,14,10,32,24,,0.00,3,Rain-Hail,304
2015-2-3,4,2,-1,2,0,-2,100,85,70,1011,1006,1002,31,14,10,14,10,,0.25,2,Rain,341
2015-2-4,5,1,-2,2,0,-2,100,84,63,1021,1016,1012,31,13,4,24,11,,3.05,3,Rain-Hail,14
2015-2-5,3,0,-3,0,-2,-5,100,80,58,1028,1023,1021,26,13,4,29,14,,1.02,3,Snow,56
2015-2-6,2,1,-1,-3,-4,-5,80,69,50,1032,1028,1027,26,14,10,40,29,53,0.00,2,,50
2015-2-7,6,2,-1,4,-1,-5,100,79,56,1035,1033,1032,26,12,6,29,18,,0.00,6,Rain,26
2015-2-8,7,4,1,4,2,1,100,79,61,1036,1035,1033,14,9,8,40,24,,0.25,3,,350
2015-2-9,5,2,0,4,3,0,100,91,84,1035,1033,1033,11,8,3,21,11,,0.00,6,Rain,304
2015-2-10,6,5,4,4,3,2,96,86,72,1034,1033,1029,31,13,10,14,8,,0.00,6,Rain,50
2015-2-11,4,3,3,3,1,0,93,83,73,1030,1026,1023,14,7,5,11,8,,0.00,6,,129
2015-2-12,4,3,2,2,1,0,93,86,63,1023,1021,1018,7,5,3,11,5,,0.00,6,,180
2015-2-13,9,4,0,6,3,0,100,83,58,1019,1010,1003,31,8,0,34,18,48,0.00,3,Fog-Rain,162
2015-2-14,9,7,5,6,5,4,100,86,70,1008,1004,1002,31,14,10,23,18,,0.00,5,Rain,120
2015-2-15,8,4,0,5,3,0,100,90,71,1017,1013,1008,14,8,3,14,10,,0.00,2,Fog,51
2015-2-16,6,1,-3,4,1,-3,100,94,80,1021,1018,1017,4,1,0,21,8,,0.00,7,Fog,161
2015-2-17,7,3,-1,4,3,-2,100,87,73,1042,1033,1021,16,9,2,26,13,,0.25,4,Rain,307
2015-2-18,8,2,-3,2,-1,-3,100,83,48,1042,1039,1034,31,8,0,18,8,,0.00,3,Fog,189
2015-2-19,7,3,-2,2,1,-2,93,83,60,1034,1026,1017,10,5,0,39,21,58,0.76,4,Fog-Rain,190
2015-2-20,7,5,3,6,4,2,100,91,84,1017,1007,998,19,6,2,26,21,,9.91,7,Rain,204
2015-2-21,6,3,2,3,2,1,94,83,68,1005,1000,998,31,12,6,23,14,,0.51,3,Rain-Hail,285
2015-2-22,7,3,0,3,1,-1,93,81,60,1011,1006,995,31,14,6,45,19,64,3.05,3,Rain,223
2015-2-23,9,6,2,6,3,1,94,82,49,996,994,992,31,14,4,40,29,64,0.25,4,Rain,221
2015-2-24,8,6,2,5,3,1,93,82,65,1014,1004,995,26,13,6,43,24,63,0.51,3,Rain-Hail,242
2015-2-25,8,4,0,6,3,0,100,91,80,1020,1016,1014,26,9,0,23,13,,0.00,3,Fog-Rain,201
2015-2-26,9,6,2,9,6,3,100,90,81,1020,1014,1009,14,6,2,32,14,50,9.91,7,Rain,193
2015-2-27,6,3,1,3,1,0,93,76,61,1022,1019,1013,31,14,10,32,23,47,0.00,1,,300
2015-2-28,8,4,0,6,2,-1,93,80,61,1021,1014,1002,31,16,10,35,19,53,3.05,3,Rain,186
2015-3-1,10,8,7,8,5,3,100,79,58,1004,1001,998,26,11,6,43,32,66,0.76,3,Rain,231
2015-3-2,8,6,4,4,1,-2,87,69,43,1016,1007,1000,26,14,10,47,32,42,0.00,2,Rain,261
2015-3-3,8,4,1,5,2,-1,93,80,58,1021,1016,1014,31,16,6,37,24,53,2.03,3,Rain,234
2015-3-4,8,6,4,3,2,0,81,71,60,1036,1028,1021,26,14,10,37,31,,0.00,2,,290
2015-3-5,8,6,3,4,2,1,93,79,53,1040,1038,1037,31,14,10,19,13,,0.00,2,,275
2015-3-6,10,7,3,6,4,2,100,83,60,1038,1036,1032,31,14,9,23,11,,0.00,5,,218
2015-3-7,13,8,3,6,3,1,93,74,48,1033,1028,1025,19,16,10,26,14,,0.00,,,189
2015-3-8,12,7,3,7,4,1,100,82,59,1026,1024,1023,18,10,1,32,14,,0.00,4,,223
2015-3-9,11,6,1,8,5,0,100,87,72,1029,1026,1024,14,8,1,21,13,,0.00,4,Fog-Rain,197
2015-3-10,9,7,4,8,5,3,100,86,66,1033,1029,1025,19,8,0,29,18,,0.00,5,Fog-Rain,339
2015-3-11,11,5,-1,3,0,-3,100,71,28,1033,1031,1029,31,10,0,26,11,,0.00,5,Fog,108
2015-3-12,13,6,-1,1,-2,-3,87,58,21,1034,1028,1025,31,17,8,24,11,,0.00,,,109
2015-3-13,11,6,0,3,1,-1,87,67,39,1026,1024,1022,19,14,10,27,14,,0.00,1,,74
2015-3-14,7,4,2,3,1,-1,87,75,59,1029,1028,1025,14,10,6,29,19,,0.00,3,,45
2015-3-15,7,4,3,4,3,2,93,82,66,1029,1026,1024,11,8,6,26,19,,0.00,6,Rain,56
2015-3-16,9,6,3,5,3,2,100,84,57,1025,1023,1022,10,7,3,23,14,,0.00,1,,60
2015-3-17,16,9,2,6,4,1,100,78,39,1026,1024,1023,8,5,2,19,10,,0.00,,,57
2015-3-18,8,6,4,6,4,4,100,88,75,1032,1029,1026,6,2,0,26,18,,0.00,6,Fog,7
2015-3-19,7,6,5,5,4,4,93,88,79,1032,1030,1029,6,4,2,26,18,,0.76,7,Rain,14
2015-3-20,6,4,3,5,3,2,93,88,75,1029,1026,1022,8,5,3,26,16,,0.00,6,,18
2015-3-21,8,4,1,5,4,1,100,85,71,1026,1022,1020,19,9,3,34,19,48,0.00,6,Rain,335
2015-3-22,7,4,1,4,2,0,93,76,55,1027,1025,1022,31,15,10,29,23,,0.00,4,Rain,49
2015-3-23,7,2,-3,3,0,-3,100,86,63,1022,1017,1012,14,8,1,19,6,,0.00,4,Fog,237
2015-3-24,8,2,-3,6,2,-2,100,91,79,1012,1009,1008,19,8,3,19,8,,0.51,4,Rain,283
2015-3-25,8,4,0,4,3,-1,93,82,66,1012,1010,1008,31,13,6,26,19,,2.03,5,Rain,340
2015-3-26,9,4,-1,7,2,-2,100,86,62,1011,1007,1003,31,10,3,34,16,53,3.05,4,Rain,215
2015-3-27,8,5,2,4,2,0,87,72,46,1023,1019,1012,26,16,10,37,26,,0.00,1,,268
2015-3-28,12,7,1,10,7,0,100,89,79,1023,1015,1008,26,11,3,43,19,61,0.51,6,Rain,205
2015-3-29,11,9,8,9,8,4,100,85,66,1008,1001,994,19,10,4,61,39,90,7.87,5,Rain,243
2015-3-30,9,8,6,7,3,1,100,72,48,1013,1007,999,31,14,3,47,34,61,1.02,3,Rain,263
2015-3-31,12,9,6,9,6,2,94,73,44,1015,1005,996,19,11,3,61,45,87,0.00,4,Rain,268
2015-4-1,10,8,6,5,2,-1,87,64,46,1024,1020,1015,23,12,10,58,45,71,1.02,2,Rain,277
2015-4-2,8,4,2,7,2,-2,93,72,41,1025,1020,1012,26,12,3,35,26,58,0.00,4,Rain,314
2015-4-3,8,4,1,7,3,-1,93,88,74,1025,1019,1015,26,9,2,26,11,,0.00,6,Rain,141
2015-4-4,7,6,5,6,4,2,93,82,64,1025,1020,1016,31,9,2,29,14,,0.25,5,Rain,30
2015-4-5,8,6,2,2,1,-1,97,70,42,1029,1027,1025,31,18,10,24,14,,0.00,3,Rain,31
2015-4-6,8,3,-1,6,3,-1,100,87,69,1035,1031,1029,31,13,6,23,10,,0.00,5,Fog-Rain,337
2015-4-7,11,4,-2,5,2,-2,100,79,46,1038,1036,1035,14,6,0,14,5,,0.00,1,Fog,314
2015-4-8,13,7,0,8,4,-1,100,82,59,1035,1034,1031,11,6,0,21,6,,0.00,2,Fog,48
2015-4-9,13,8,3,8,6,2,100,81,55,1031,1028,1025,7,5,3,16,10,,0.00,1,Fog,37
2015-4-10,21,11,2,9,6,2,100,69,24,1025,1020,1015,18,5,1,14,6,,0.00,,Fog,123
2015-4-11,12,9,5,10,6,2,94,79,62,1027,1019,1014,26,12,3,37,14,53,0.76,4,Rain,226
2015-4-12,16,9,1,7,3,1,93,70,35,1029,1027,1025,26,13,3,42,18,53,0.00,2,,217
2015-4-13,12,9,7,7,5,4,87,73,56,1034,1031,1027,31,15,10,32,14,,0.00,5,,347
2015-4-14,19,11,4,10,7,3,93,74,42,1031,1026,1022,31,15,3,26,10,,0.00,,,214
2015-4-15,23,14,5,11,8,4,93,67,34,1023,1018,1015,26,16,10,29,10,,0.00,1,,242
2015-4-16,16,12,8,9,7,4,93,74,52,1016,1015,1013,19,11,6,32,18,,0.00,1,Rain,50
2015-4-17,12,9,7,6,3,0,82,64,41,1024,1019,1015,31,16,10,35,27,,0.00,1,,45
2015-4-18,14,9,3,6,3,0,88,69,26,1028,1027,1025,31,22,10,35,23,45,0.00,2,,47
2015-4-19,10,8,5,5,4,2,93,74,51,1027,1024,1022,31,17,10,26,19,,0.00,3,,27
2015-4-20,15,11,7,8,6,4,93,74,45,1031,1028,1025,31,18,14,34,19,,0.00,,,34
2015-4-21,12,10,7,8,7,5,93,81,53,1034,1033,1030,27,19,10,34,21,,0.00,2,,21
2015-4-22,12,8,4,8,6,4,93,82,57,1033,1030,1025,26,12,6,32,21,,0.00,4,,37
2015-4-23,11,7,3,6,5,3,93,80,64,1026,1021,1016,26,10,5,23,13,,0.00,4,,41
2015-4-24,15,8,0,10,6,-1,100,82,55,1017,1013,1010,10,5,0,35,8,,0.00,5,Fog,227
2015-4-25,15,12,8,11,9,7,94,83,59,1010,1008,1007,19,10,3,29,13,,1.02,4,Rain,219
2015-4-26,13,10,8,11,8,6,94,87,80,1008,1007,1006,19,10,4,26,13,,0.00,6,Rain,289
2015-4-27,11,6,1,6,3,-1,87,67,45,1013,1010,1007,31,15,10,26,23,,0.00,2,,15
2015-4-28,11,6,1,4,2,-1,88,66,36,1021,1017,1012,31,19,10,29,16,,0.00,2,,244
2015-4-29,14,8,1,7,3,0,93,67,32,1021,1016,1013,31,18,10,35,16,48,0.00,2,Rain,204
2015-4-30,13,7,2,6,4,1,93,72,42,1014,1012,1011,31,15,10,32,16,,0.00,1,Rain,245
2015-5-1,12,9,6,6,4,2,82,68,48,1012,1010,1009,31,15,10,34,18,,0.00,2,,36
2015-5-2,15,11,7,8,5,3,82,65,41,1013,1011,1006,31,16,10,21,14,,0.00,4,,84
2015-5-3,18,14,10,15,11,7,94,85,71,1006,1002,999,31,12,3,35,16,53,0.76,4,Rain,177
2015-5-4,19,14,9,13,11,8,94,78,45,1008,1005,996,31,14,8,26,16,,6.10,4,Rain,201
2015-5-5,19,15,11,15,10,5,94,73,42,1007,999,991,26,12,3,58,26,82,3.05,2,Rain,206
2015-5-6,14,11,8,9,6,5,87,71,45,1013,1008,1007,31,15,6,60,27,80,2.03,2,Rain-Hail,211
2015-5-7,14,11,9,10,8,5,87,78,62,1019,1017,1013,26,13,6,34,26,,1.02,3,Rain,244
2015-5-8,18,13,8,12,8,6,88,69,45,1018,1015,1013,26,14,9,24,8,,0.76,3,Rain,95
2015-5-9,15,13,11,12,10,8,94,79,54,1023,1017,1012,26,13,6,43,29,61,0.51,4,Rain,237
2015-5-10,17,12,6,11,9,6,100,80,54,1027,1025,1022,24,10,0,21,13,,0.00,3,Fog,214
2015-5-11,23,17,11,15,11,9,94,76,46,1023,1020,1019,26,18,10,26,14,,0.00,1,,210
2015-5-12,16,12,8,11,9,6,94,79,56,1023,1019,1016,26,13,10,34,16,,0.00,2,,251
2015-5-13,14,8,3,9,7,3,100,78,57,1023,1020,1017,31,15,6,26,11,,0.00,1,Fog,316
2015-5-14,13,9,4,9,7,3,94,79,48,1017,1013,1010,31,13,5,23,14,,5.08,4,Rain,76
2015-5-15,12,9,6,9,6,4,94,76,53,1024,1019,1012,31,14,6,29,13,,0.00,5,Rain,4
2015-5-16,15,10,6,12,9,4,100,84,56,1027,1024,1021,26,11,3,29,14,,0.51,4,Rain,225
2015-5-17,14,11,7,8,6,3,93,71,42,1027,1025,1020,31,16,6,29,10,,0.00,1,,277
2015-5-18,13,10,6,11,7,4,94,81,61,1021,1010,1004,26,13,6,39,21,55,0.51,4,Rain,212
2015-5-19,14,10,6,8,6,4,93,76,46,1009,1006,1004,31,14,8,40,24,55,4.06,3,Rain-Thunderstorm,233
2015-5-20,13,8,3,7,6,2,93,72,50,1022,1015,1009,31,15,10,26,18,,0.00,2,,272
2015-5-21,16,12,9,9,7,6,87,69,46,1028,1026,1022,31,16,10,26,18,,0.00,1,,278
2015-5-22,16,12,8,11,9,7,94,81,59,1028,1026,1023,26,12,6,32,13,,0.00,1,,244
2015-5-23,15,12,9,12,9,6,100,82,56,1024,1023,1022,19,10,5,32,14,,0.00,4,Rain,352
2015-5-24,16,10,4,12,8,4,100,76,40,1024,1021,1018,31,12,9,23,10,,0.51,2,Fog-Rain,316
2015-5-25,14,12,11,12,8,4,94,73,52,1021,1018,1017,27,13,8,26,16,,0.00,4,,322
2015-5-26,14,12,11,10,8,5,88,72,50,1026,1022,1020,31,15,10,21,14,,0.00,2,,331
2015-5-27,14,11,8,11,8,6,88,73,51,1026,1023,1017,31,18,10,23,10,,0.00,1,,250
2015-5-28,16,12,8,11,9,6,88,72,48,1017,1015,1014,26,14,10,37,23,,0.00,3,Rain,248
2015-5-29,15,11,7,9,7,5,93,78,48,1015,1010,1007,31,12,6,42,18,,3.05,3,Rain,226
2015-5-30,15,10,5,8,6,4,93,68,42,1017,1014,1010,31,11,10,29,23,,0.00,1,,254
2015-5-31,16,11,7,14,10,5,94,84,66,1015,1010,1007,26,11,5,34,18,42,2.03,6,Rain,206
2015-6-1,16,12,8,9,6,3,87,63,33,1017,1015,1011,31,15,10,26,18,,0.25,2,,246
2015-6-2,17,13,11,14,11,6,94,81,55,1014,1010,1007,31,13,4,47,29,72,1.02,6,Rain,211
2015-6-3,17,13,9,12,9,8,94,74,56,1027,1021,1014,23,11,10,40,26,52,0.00,2,,253
2015-6-4,23,14,6,11,8,5,100,63,31,1028,1026,1021,19,13,6,14,8,,0.00,2,Fog,111
2015-6-5,31,21,12,18,13,9,94,69,37,1021,1017,1015,31,14,10,35,11,,0.51,1,Rain-Thunderstorm,167
2015-6-6,17,13,8,12,8,5,94,65,38,1029,1025,1018,31,16,10,32,23,,0.00,1,Rain,264
2015-6-7,16,11,6,10,7,5,100,68,39,1033,1031,1029,31,21,10,26,13,,0.00,1,,7
2015-6-8,16,13,11,8,7,5,77,63,48,1033,1032,1030,31,14,10,40,24,55,0.00,2,,25
2015-6-9,15,12,9,7,6,4,76,63,44,1032,1031,1029,27,15,10,37,27,53,0.00,1,,42
2015-6-10,17,13,10,12,10,7,88,76,63,1030,1027,1024,27,14,10,43,27,61,0.00,1,,37
2015-6-11,22,17,12,12,11,8,82,64,39,1024,1019,1013,19,18,14,34,24,,0.00,,,49
2015-6-12,29,22,15,18,14,9,88,60,37,1014,1009,1006,31,16,8,27,18,47,3.05,1,Rain-Thunderstorm,113
2015-6-13,19,16,11,16,12,9,94,74,49,1012,1010,1007,26,13,8,37,23,,0.00,3,,224
2015-6-14,17,13,9,13,11,8,94,84,66,1015,1013,1011,19,10,3,23,11,,0.25,5,,276
2015-6-15,16,14,12,12,9,7,88,71,52,1024,1020,1016,31,13,10,29,23,,0.00,4,,28
2015-6-16,16,12,9,9,7,5,87,65,45,1027,1026,1024,31,14,10,23,16,,0.00,1,,39
2015-6-17,21,14,7,15,11,6,94,76,53,1027,1023,1019,31,16,9,35,13,,1.02,2,Rain,225
2015-6-18,16,13,10,15,11,8,100,75,54,1021,1020,1018,26,14,3,29,16,,0.00,4,Rain,313
2015-6-19,17,13,9,10,9,8,94,69,51,1022,1021,1019,26,14,10,26,13,,0.00,2,,304
2015-6-20,17,14,12,12,11,9,94,77,58,1023,1021,1019,26,14,6,26,13,,0.00,4,Rain,320
2015-6-21,18,16,12,14,12,10,94,81,62,1020,1016,1014,31,12,1,35,16,,0.00,4,,237
2015-6-22,16,13,11,12,10,8,94,81,62,1015,1010,1007,31,12,6,32,18,,3.05,4,Rain,263
2015-6-23,16,14,12,11,9,8,88,76,64,1021,1016,1009,31,14,8,37,26,53,0.51,3,Rain,330
2015-6-24,19,13,7,13,11,7,95,77,56,1022,1022,1021,31,14,5,24,11,,0.00,1,,240
2015-6-25,20,14,9,14,12,8,94,73,47,1023,1022,1021,31,17,9,19,8,,0.00,1,,253
2015-6-26,25,18,12,15,13,10,94,71,35,1022,1019,1016,31,20,9,29,8,,0.00,,Rain,212
2015-6-27,19,16,13,14,13,11,94,78,61,1022,1019,1015,31,16,10,24,19,,0.00,2,Rain,267
2015-6-28,23,17,10,14,12,9,94,74,36,1023,1021,1019,31,17,10,19,10,,0.00,4,Rain,207
2015-6-29,19,17,14,14,13,11,94,77,53,1024,1022,1020,31,15,10,23,13,,0.00,2,,287
2015-6-30,26,18,10,16,13,9,100,66,38,1024,1021,1017,26,17,10,26,8,,0.00,,Fog,75
2015-7-1,34,26,17,18,14,11,73,48,23,1017,1015,1013,31,23,10,23,13,,0.00,1,,117
2015-7-2,22,19,17,17,16,14,94,74,46,1023,1018,1013,31,18,6,29,11,,3.05,2,Rain-Thunderstorm,265
2015-7-3,22,19,16,19,16,14,94,79,65,1026,1024,1019,26,18,10,26,16,,0.00,1,,7
2015-7-4,27,21,15,21,18,12,88,72,50,1021,1019,1015,26,17,10,35,21,,0.00,1,Rain-Thunderstorm,230
2015-7-5,20,17,13,16,14,12,94,83,66,1021,1018,1016,31,17,3,32,11,,9.91,4,Rain-Thunderstorm,261
2015-7-6,20,16,11,14,12,10,94,75,48,1022,1020,1017,31,14,6,21,13,,0.00,2,,262
2015-7-7,22,17,12,16,13,10,94,76,52,1017,1011,1008,31,17,10,37,11,60,0.00,2,,211
2015-7-8,19,16,13,15,13,11,94,82,68,1016,1011,1009,31,11,6,40,27,55,2.03,4,Rain,246
2015-7-9,17,14,11,12,9,7,88,66,44,1026,1022,1017,31,15,10,29,18,,0.00,2,,329
2015-7-10,24,16,7,12,8,6,93,59,24,1026,1022,1017,31,29,19,19,8,35,0.00,,,140
2015-7-11,23,18,12,16,12,8,94,64,40,1019,1016,1013,31,25,10,32,14,,0.00,1,,223
2015-7-12,18,16,12,14,13,11,94,81,64,1019,1018,1018,26,13,8,34,16,50,0.00,4,Rain,228
2015-7-13,18,17,15,16,14,13,94,87,75,1019,1016,1015,23,10,3,35,18,48,5.08,6,Rain,234
2015-7-14,19,18,16,16,15,14,94,86,71,1020,1017,1015,31,12,3,35,26,48,0.00,6,Rain,250
2015-7-15,21,18,15,18,16,14,94,89,74,1021,1019,1018,31,9,2,26,13,,1.02,5,Rain,235
2015-7-16,24,19,15,16,14,13,88,73,47,1020,1017,1011,31,12,6,29,14,,0.00,3,Rain-Thunderstorm,61
2015-7-17,24,20,15,17,16,13,88,77,49,1015,1012,1007,27,13,4,35,24,55,2.03,4,Rain,226
2015-7-18,19,16,13,14,12,10,94,74,52,1019,1017,1015,27,14,9,21,13,,0.00,2,,261
2015-7-19,21,17,13,14,13,11,94,78,52,1015,1012,1010,26,11,3,34,11,,3.05,4,Rain,223
2015-7-20,23,17,11,19,15,9,94,84,69,1013,1012,1011,31,13,3,27,13,,1.02,5,Rain,204
2015-7-21,22,18,14,18,14,11,88,74,55,1015,1014,1012,31,16,10,32,18,,0.00,3,,250
2015-7-22,21,17,12,16,13,11,94,75,44,1016,1015,1014,31,16,7,34,16,,0.00,2,,242
2015-7-23,20,17,13,14,12,11,94,71,48,1019,1017,1016,31,16,10,21,11,,0.00,2,,294
2015-7-24,23,18,13,16,12,9,94,71,44,1017,1010,1001,31,18,5,26,8,,0.25,3,Rain-Thunderstorm,102
2015-7-25,17,14,11,16,11,8,94,76,48,1018,1008,998,31,12,4,55,26,76,0.00,4,Rain-Thunderstorm,279
2015-7-26,18,13,9,13,11,8,94,84,49,1018,1010,1000,31,12,3,26,13,35,3.05,4,Rain,177
2015-7-27,20,17,13,14,13,11,94,79,54,1005,1001,999,31,13,3,40,27,61,2.03,5,Rain,230
2015-7-28,18,14,12,12,11,10,88,70,55,1008,1006,1004,27,14,10,40,31,58,0.00,2,Rain,240
2015-7-29,18,14,10,12,10,8,94,73,46,1014,1010,1008,26,13,10,34,21,,0.00,2,,246
2015-7-30,17,13,10,12,10,8,94,78,59,1021,1017,1013,27,13,3,23,11,45,4.06,3,Rain-Thunderstorm,302
2015-7-31,19,12,6,10,8,5,93,70,43,1021,1020,1016,31,12,0,19,6,,0.00,1,Fog,96
2015-8-1,19,13,8,12,9,6,93,66,39,1019,1017,1015,31,23,10,21,8,,0.00,1,,265
2015-8-2,23,14,7,14,10,6,100,69,30,1021,1019,1015,31,16,4,19,8,,0.00,,Fog,138
2015-8-3,23,18,13,18,14,10,88,71,45,1015,1013,1011,31,18,10,29,14,,2.03,1,,223
2015-8-4,20,16,12,16,13,8,94,73,45,1018,1014,1011,31,14,3,37,16,,0.00,3,Rain-Thunderstorm,259
2015-8-5,27,19,11,15,11,8,88,62,28,1018,1015,1011,31,27,19,26,11,34,0.00,,,167
2015-8-6,23,17,11,17,13,10,88,77,53,1017,1014,1012,31,18,10,29,14,,0.00,3,,241
2015-8-7,20,14,9,16,13,8,94,81,62,1020,1018,1016,31,20,10,19,10,,0.00,2,,312
2015-8-8,22,18,14,16,14,11,88,72,46,1025,1023,1020,31,14,10,26,14,,0.00,2,,28
2015-8-9,23,16,9,15,12,8,94,71,38,1024,1021,1019,31,13,3,14,5,,0.00,1,Fog,360
2015-8-10,21,17,13,17,14,10,88,81,70,1021,1019,1017,31,14,6,23,11,,0.00,4,,244
2015-8-11,19,17,15,16,15,14,94,82,68,1022,1020,1017,31,15,8,21,11,,0.25,3,Rain,321
2015-8-12,22,19,17,18,17,15,94,82,66,1023,1022,1020,31,12,6,34,18,,0.00,6,Rain,34
2015-8-13,29,23,16,20,17,14,94,78,47,1021,1014,1009,19,10,3,29,19,48,12.95,4,Rain-Thunderstorm,62
2015-8-14,22,20,18,19,17,16,94,85,71,1009,1007,1006,14,8,5,21,11,,7.87,4,Rain,180
2015-8-15,18,17,15,16,14,11,95,81,68,1015,1010,1006,31,11,1,21,11,,0.00,4,Fog-Rain,323
2015-8-16,19,16,11,12,10,7,89,67,48,1018,1017,1015,31,12,10,23,10,,0.51,1,,14
2015-8-17,19,17,14,12,10,7,82,65,48,1018,1016,1015,27,15,10,23,16,,1.02,3,Rain,335
2015-8-18,16,14,12,13,11,9,94,81,62,1017,1015,1013,19,12,8,27,18,,3.05,4,Rain,233
2015-8-19,22,18,13,14,13,11,88,74,47,1020,1019,1017,26,12,8,21,11,,0.00,2,Rain,201
2015-8-20,20,17,14,15,13,11,88,77,58,1023,1022,1020,19,11,6,16,8,,4.06,4,Fog-Rain,168
2015-8-21,26,20,14,16,14,11,82,64,37,1024,1022,1020,31,11,5,18,10,,0.00,2,,157
2015-8-22,28,22,15,14,12,9,82,51,23,1020,1016,1011,31,23,10,23,10,,0.00,,,117
2015-8-23,26,19,13,15,11,7,88,58,29,1012,1005,1002,31,20,10,26,18,,1.02,3,Rain,146
2015-8-24,21,16,11,14,11,7,82,72,47,1005,1000,995,31,10,3,26,11,,8.89,4,Rain-Thunderstorm,149
2015-8-25,19,17,15,13,11,7,82,68,40,1014,1010,1001,26,12,5,43,29,,3.05,5,Rain,225
2015-8-26,23,19,15,16,13,11,82,68,42,1012,1009,1005,31,14,2,32,19,50,7.87,3,Rain-Thunderstorm,187
2015-8-27,16,15,13,13,11,9,82,74,61,1012,1009,1007,31,13,6,29,16,,1.02,3,Rain,206
2015-8-28,19,14,11,12,9,7,82,68,47,1021,1017,1012,31,15,8,24,14,,0.00,1,,233
2015-8-29,22,14,8,13,9,5,87,65,46,1022,1021,1018,10,10,10,23,10,,0.00,1,,106
2015-8-30,22,19,16,18,14,11,83,74,68,1019,1016,1015,10,8,4,27,13,37,0.00,3,Rain-Thunderstorm,31
2015-8-31,21,19,17,17,14,12,83,75,63,1014,1011,1009,14,10,3,26,11,,7.87,4,Rain-Thunderstorm,342
2015-9-1,18,16,13,12,11,8,77,67,45,1019,1015,1012,27,13,9,26,18,,0.51,5,Rain,343
2015-9-2,17,13,10,10,8,6,82,67,44,1019,1017,1016,26,12,3,13,6,,4.06,2,Rain,259
2015-9-3,16,12,8,9,7,5,87,70,47,1017,1015,1014,31,12,3,24,11,,3.05,3,Rain-Thunderstorm,235
2015-9-4,15,12,10,9,7,6,82,64,49,1017,1016,1015,26,12,5,29,18,,3.05,4,Rain,287
2015-9-5,16,14,12,9,7,3,77,58,40,1023,1019,1016,31,12,8,34,23,,3.05,5,Rain,318
2015-9-6,16,13,10,8,6,4,76,60,47,1029,1026,1023,31,14,9,32,23,47,0.00,4,Rain,320
2015-9-7,17,12,7,13,9,4,88,71,50,1030,1028,1027,26,14,6,26,14,,0.25,4,Rain,342
2015-9-8,17,14,12,12,12,10,94,81,64,1030,1027,1025,31,11,6,24,10,,0.51,4,Rain,42
2015-9-9,20,14,9,12,11,8,94,73,47,1025,1023,1021,31,13,10,26,14,,0.00,3,,72
2015-9-10,20,14,9,11,9,7,88,67,35,1022,1021,1019,31,20,10,26,18,,0.00,1,,77
2015-9-11,21,16,10,11,9,8,88,68,33,1020,1016,1013,26,16,10,19,14,26,0.00,1,,94
2015-9-12,19,14,11,15,11,9,94,74,62,1014,1010,1009,18,12,6,21,13,,0.00,4,Rain,173
2015-9-13,15,11,7,11,9,7,100,86,62,1012,1007,1002,14,10,6,24,10,,11.94,4,Fog-Rain,187
2015-9-14,18,13,9,14,11,8,100,84,67,1002,999,996,31,9,1,40,16,53,2.03,3,Rain-Thunderstorm,184
2015-9-15,16,12,9,13,9,7,94,82,66,1002,1000,997,31,13,6,43,24,64,6.10,3,Rain,194
2015-9-16,19,14,9,16,12,8,94,85,73,1000,990,987,27,11,2,24,13,,1.02,5,Rain,140
2015-9-17,16,13,10,13,11,8,94,84,62,1009,998,988,31,15,6,32,19,,1.02,4,Rain,231
2015-9-18,17,13,9,13,11,8,94,87,62,1015,1012,1009,31,14,6,29,13,,4.06,2,Rain,192
2015-9-19,17,14,11,12,11,8,94,76,49,1027,1022,1016,31,14,10,26,13,,0.25,2,Rain,340
2015-9-20,18,12,6,12,8,5,93,75,33,1028,1026,1022,31,14,6,19,8,,0.00,1,Fog,249
2015-9-21,18,12,6,12,9,6,94,81,54,1023,1015,1006,19,8,2,26,11,,0.51,4,Rain,196
2015-9-22,16,13,10,11,10,8,94,83,60,1006,1001,998,31,11,6,26,18,,5.08,4,Rain,223
2015-9-23,16,13,11,12,10,9,88,77,60,1015,1010,1004,31,14,10,35,26,,0.00,4,Rain,273
2015-9-24,16,13,11,13,11,9,94,85,74,1019,1015,1014,26,13,3,29,16,,1.02,4,Rain,209
2015-9-25,16,11,7,11,8,6,94,81,58,1026,1022,1019,31,13,10,19,11,,0.00,1,,250
2015-9-26,17,11,5,11,8,6,100,76,53,1030,1028,1026,31,13,8,23,8,,0.25,1,Fog-Rain,45
2015-9-27,17,12,7,11,9,7,93,74,46,1036,1033,1030,31,14,10,29,16,,0.00,1,,56
2015-9-28,17,12,8,11,8,7,93,74,45,1038,1036,1035,31,15,10,29,16,,0.00,2,,66
2015-9-29,18,13,8,10,8,7,87,70,40,1036,1035,1032,31,16,9,29,19,,0.00,1,,62
2015-9-30,17,13,8,8,7,5,87,66,33,1034,1032,1031,31,26,14,34,21,,0.00,,,68
2015-10-1,16,12,8,8,7,6,87,68,43,1033,1030,1028,31,18,10,32,19,45,0.00,1,,59
2015-10-2,16,11,5,9,7,5,93,74,43,1029,1024,1019,19,12,6,26,13,,0.00,,,54
2015-10-3,16,10,4,12,8,4,100,88,58,1019,1015,1013,13,7,0,11,6,,0.00,,Fog,314
2015-10-4,15,10,5,12,8,5,100,88,55,1016,1015,1013,23,5,0,19,6,,0.00,3,Fog,201
2015-10-5,17,13,9,15,12,8,100,89,75,1014,1009,1004,19,9,3,26,14,,0.25,5,Rain,137
2015-10-6,20,17,13,17,14,13,100,92,64,1005,1001,998,31,7,2,23,11,,2.03,5,Rain,151
2015-10-7,16,14,13,14,13,11,100,91,82,1016,1008,1001,26,12,5,27,19,,2.03,6,Rain,219
2015-10-8,14,11,6,12,8,6,100,76,59,1023,1020,1016,31,14,6,21,14,,0.00,4,Rain,293
2015-10-9,15,10,6,12,10,6,100,92,73,1023,1022,1021,23,11,5,16,6,,1.02,3,Rain,66
2015-10-10,16,11,7,12,9,7,100,90,65,1023,1020,1018,19,7,3,24,11,,0.00,3,,66
2015-10-11,12,9,6,7,6,4,100,81,61,1019,1017,1016,14,9,6,21,14,,0.00,1,,65
2015-10-12,12,8,4,6,4,2,87,73,49,1019,1017,1016,26,14,10,16,13,,0.00,4,,34
2015-10-13,10,7,3,5,3,1,93,72,51,1023,1019,1016,19,12,9,35,18,48,0.00,4,Rain,42
2015-10-14,12,7,1,8,4,1,100,87,65,1023,1020,1018,26,10,3,34,8,,1.02,4,Rain,76
2015-10-15,8,4,2,8,3,2,100,86,63,1021,1020,1018,19,10,3,21,10,,2.03,6,Rain,91
2015-10-16,9,8,6,10,8,7,100,95,80,1020,1018,1016,11,6,2,23,10,,0.25,6,Rain,62
2015-10-17,12,10,8,10,9,7,100,90,65,1019,1017,1016,19,10,3,29,11,,0.00,5,Rain,42
2015-10-18,12,8,4,9,7,5,100,91,69,1021,1020,1018,10,6,3,11,6,,0.00,2,Rain,137
2015-10-19,13,11,9,12,11,9,100,94,80,1025,1023,1021,19,9,3,16,8,,0.51,3,Rain,22
2015-10-20,13,9,6,11,9,6,100,87,66,1026,1025,1024,31,11,4,26,6,,0.25,4,Fog-Rain,356
2015-10-21,11,8,5,11,9,5,100,96,87,1025,1020,1014,10,6,3,26,11,,2.03,5,Fog-Rain,208
2015-10-22,15,12,10,13,11,6,100,87,53,1022,1016,1013,31,10,3,29,16,,0.25,6,Rain,261
2015-10-23,13,11,9,10,8,7,94,80,59,1024,1022,1020,19,12,10,14,8,,0.00,6,,194
2015-10-24,14,11,9,11,8,6,94,82,63,1021,1016,1014,26,12,10,16,11,,0.51,5,Rain,180
2015-10-25,13,10,7,11,7,5,100,79,59,1027,1024,1018,31,14,5,26,13,,0.00,3,Rain,2
2015-10-26,16,11,6,12,9,5,100,91,65,1023,1017,1014,19,7,1,19,11,,0.00,4,Fog,105
2015-10-27,14,11,7,11,9,7,100,89,72,1015,1012,1010,11,7,3,19,13,,0.00,1,Rain,115
2015-10-28,14,12,9,13,11,8,100,94,84,1012,1009,1007,19,9,3,21,10,,0.51,5,Rain,168
2015-10-29,12,9,6,11,9,7,100,96,87,1020,1016,1012,19,6,0,24,13,,0.00,4,Fog,165
2015-10-30,14,11,8,11,9,8,100,87,71,1024,1022,1020,23,16,11,24,16,,0.00,,,142
2015-10-31,15,10,6,11,8,6,100,90,66,1027,1024,1022,10,7,3,23,11,,0.00,,,130
2015-11-1,16,10,3,12,8,4,100,93,71,1030,1029,1027,8,4,1,11,6,,0.25,,Fog,132
2015-11-2,13,8,3,11,7,3,100,96,74,1028,1025,1022,8,3,0,21,8,,0.00,6,Fog,137
2015-11-3,15,10,5,10,8,4,100,84,60,1022,1018,1016,18,8,0,21,14,,0.00,4,Fog,144
2015-11-4,15,12,9,13,11,8,100,89,70,1018,1015,1014,26,12,8,24,14,,0.25,3,Rain,178
2015-11-5,17,13,10,14,12,10,100,91,74,1018,1016,1015,26,9,3,26,14,,1.02,3,Rain,176
2015-11-6,17,15,13,16,14,13,100,95,79,1020,1017,1015,19,10,3,29,21,,2.03,6,Rain,207
2015-11-7,19,16,13,16,14,12,100,90,77,1026,1021,1019,31,12,9,43,23,58,1.02,4,Rain,219
2015-11-8,16,12,7,15,12,8,100,93,80,1028,1023,1017,19,10,0,29,18,,0.25,3,Fog-Rain,189
2015-11-9,14,13,12,14,11,8,94,81,61,1025,1022,1018,19,12,10,37,29,60,0.00,2,Rain,234
2015-11-10,15,13,12,14,12,10,100,90,69,1025,1024,1023,26,10,6,35,31,55,0.51,6,Rain,226
2015-11-11,13,12,11,11,11,9,100,90,79,1024,1023,1022,31,13,6,26,18,,0.00,6,Rain,204
2015-11-12,14,12,11,12,11,11,100,91,78,1026,1023,1019,19,12,10,23,16,,0.00,5,,195
2015-11-13,14,12,9,11,7,2,94,72,52,1026,1022,1018,31,12,6,53,29,74,1.02,3,Rain,242
2015-11-14,14,11,9,12,7,3,100,81,50,1027,1024,1015,31,11,3,48,34,60,9.91,5,Rain,235
2015-11-15,15,12,9,13,12,9,94,82,69,1015,1014,1012,19,11,10,55,45,85,0.00,6,,243
2015-11-16,13,12,11,13,10,8,100,87,70,1014,1012,1010,19,10,3,35,24,,2.03,5,Rain,213
2015-11-17,15,13,11,14,12,9,100,85,64,1010,1006,1003,31,11,3,64,32,100,1.02,5,Rain,227
2015-11-18,14,12,11,12,9,8,94,79,60,1016,1013,1006,19,11,8,66,45,98,1.02,4,Rain,236
2015-11-19,13,11,9,11,9,7,100,85,68,1015,1013,1011,19,10,3,50,34,71,10.92,4,Rain,260
2015-11-20,9,9,8,8,4,1,82,67,49,1013,1007,1000,26,15,10,43,31,,0.76,3,Rain,280
2015-11-21,9,6,3,6,2,-1,87,73,46,1007,1000,996,26,12,3,50,37,76,3.05,3,Rain-Hail,323
2015-11-22,6,3,1,4,2,0,100,84,57,1019,1011,1007,19,11,3,37,21,52,13.97,4,Rain-Snow-Hail,7
2015-11-23,7,3,0,4,2,-1,100,86,62,1025,1023,1020,31,13,5,21,11,34,0.76,2,Rain-Snow,217
2015-11-24,9,6,3,7,3,1,100,89,77,1023,1013,1007,31,11,6,34,24,50,5.08,6,Rain,208
2015-11-25,9,8,6,6,4,3,87,75,58,1013,1009,1007,26,14,6,35,29,58,1.02,2,Rain,320
2015-11-26,10,7,2,7,4,2,100,84,62,1022,1018,1013,31,14,10,32,16,42,1.02,3,Rain,330
2015-11-27,7,4,2,7,5,2,100,94,86,1022,1014,1005,11,9,4,29,14,47,1.02,6,Rain,185
2015-11-28,8,7,6,7,4,1,100,80,55,1016,1012,1005,31,13,3,47,35,64,2.03,5,Rain,251
2015-11-29,13,9,6,10,8,7,94,80,70,1014,1009,1007,19,11,8,60,39,87,0.25,4,Rain,244
2015-11-30,13,10,8,11,8,3,100,81,52,1020,1016,1013,26,11,5,60,40,89,8.89,6,Rain,253
2015-12-1,13,11,9,11,9,6,100,88,61,1027,1023,1017,19,10,3,40,24,55,0.51,6,Rain,252
2015-12-2,12,10,8,9,7,6,94,82,71,1027,1026,1025,26,14,10,26,18,,0.00,4,,201
2015-12-3,10,9,7,7,7,6,93,84,73,1027,1024,1017,31,17,10,29,16,47,0.00,4,Rain,180
2015-12-4,11,9,8,9,7,4,95,82,63,1031,1026,1016,31,14,6,35,27,48,0.00,3,Rain,230
2015-12-5,8,7,6,6,4,3,87,82,69,1030,1024,1019,26,13,10,37,29,53,0.00,1,,199
2015-12-6,12,9,6,11,8,5,100,85,73,1025,1020,1018,26,13,6,39,29,61,0.00,6,Rain,203
2015-12-7,11,9,8,11,8,7,100,91,81,1030,1027,1025,16,10,5,19,14,,0.00,4,Rain,174
2015-12-8,11,9,7,9,7,6,100,89,80,1028,1025,1024,26,12,6,24,18,,2.03,5,Rain,186
2015-12-9,9,6,3,7,6,3,100,86,71,1037,1034,1029,26,16,10,37,21,,0.00,2,,222
2015-12-10,7,6,4,4,4,3,93,88,75,1035,1029,1024,23,12,10,32,24,,0.00,3,Rain,187
2015-12-11,10,7,4,8,6,3,100,88,69,1024,1023,1021,26,11,5,34,24,,1.02,5,Rain,227
2015-12-12,11,8,5,9,6,3,100,82,63,1024,1021,1015,31,14,9,40,23,,0.00,4,Rain,224
2015-12-13,12,9,7,10,8,6,100,94,78,1021,1019,1015,26,7,3,40,21,55,0.51,6,Rain,133
2015-12-14,6,6,5,7,5,4,100,93,87,1021,1019,1017,7,5,3,21,13,,0.00,6,Rain,175
2015-12-15,10,7,4,9,7,4,100,94,87,1022,1020,1019,10,7,4,23,10,,0.51,5,Rain,160
2015-12-16,13,11,9,12,11,9,100,93,82,1024,1021,1018,18,9,3,32,19,,2.03,6,Rain,212
2015-12-17,14,12,11,12,11,9,97,87,67,1024,1020,1017,19,13,8,23,18,,0.25,5,Rain,191
2015-12-18,12,11,9,11,9,7,100,88,74,1023,1021,1018,26,11,10,26,18,,0.25,5,,206
2015-12-19,14,11,9,12,10,8,94,87,72,1021,1017,1014,26,13,9,26,19,,0.00,3,Rain,179
2015-12-20,13,11,9,10,9,8,94,83,74,1017,1014,1011,31,17,10,32,21,,0.25,4,Rain,191
2015-12-21,12,10,8,11,8,6,100,88,71,1021,1018,1016,31,13,6,45,26,64,5.08,4,Rain,213
2015-12-22,14,12,10,12,11,9,100,89,76,1022,1018,1015,26,11,3,47,27,63,0.00,6,Rain,202
2015-12-23,11,9,7,11,8,6,100,84,66,1025,1021,1015,26,12,3,45,26,69,0.00,3,Rain,211
2015-12-24,12,9,6,9,7,5,100,89,76,1023,1017,1013,18,11,5,37,21,55,0.51,3,Rain,194
2015-12-25,13,9,6,11,8,5,100,90,81,1025,1023,1022,31,12,7,39,19,,0.00,5,Rain,197
2015-12-26,14,12,10,11,9,8,90,83,72,1024,1023,1021,31,17,10,35,26,,0.00,3,,202
2015-12-27,13,11,8,11,8,7,94,85,76,1028,1024,1021,26,14,10,29,24,,0.00,5,,197
2015-12-28,10,8,5,7,6,4,100,87,66,1028,1022,1018,14,13,10,27,14,,0.00,1,,143
2015-12-29,11,8,6,9,7,5,100,84,70,1026,1022,1018,26,15,10,26,19,,0.00,2,Rain,176
2015-12-30,9,8,6,7,6,4,93,80,65,1026,1019,1010,31,21,10,42,26,52,0.76,3,Rain,165
2015-12-31,9,8,7,7,5,3,93,82,66,1021,1016,1010,31,13,5,35,24,55,0.25,3,Rain,194