CET,Max TemperatureC,Mean TemperatureC,Min TemperatureC,Dew PointC,MeanDew PointC,Min DewpointC,Max Humidity, Mean Humidity, Min Humidity, Max Sea Level PressurehPa, Mean Sea Level PressurehPa, Min Sea Level PressurehPa, Max VisibilityKm, Mean VisibilityKm, Min VisibilitykM, Max Wind SpeedKm/h, Mean Wind SpeedKm/h, Max Gust SpeedKm/h,Precipitationmm, CloudCover, Events,WindDirDegrees
2015-1-1,4,1,-2,1,-1,-2,100,86,59,1036,1033,1025,31,7,0,32,14,,0.00,6,Fog,197
2015-1-2,9,6,2,7,3,-1,100,81,48,1033,1025,1021,31,10,2,37,27,53,0.51,7,Rain,240
2015-1-3,4,2,1,3,2,-1,100,93,77,1032,1022,1016,19,7,1,24,13,,5.08,7,Rain-Snow,227
2015-1-4,6,2,-2,3,1,-2,100,93,76,1037,1033,1026,23,10,2,14,10,,0.00,3,,248
2015-1-5,4,1,-2,2,0,-2,100,94,74,1036,1032,1027,24,5,0,16,11,,0.00,7,Fog,201
2015-1-6,5,2,-1,4,0,-3,100,86,60,1028,1022,1020,31,10,2,27,11,,0.51,7,Rain,195
2015-1-7,7,3,1,4,2,1,100,90,69,1029,1027,1024,27,9,3,26,14,,0.00,6,Rain,213
2015-1-8,9,6,3,9,6,2,100,94,84,1028,1021,1015,18,8,3,32,23,48,20.07,6,Rain,225
2015-1-9,14,9,5,12,8,4,100,88,56,1027,1018,1012,31,9,3,47,29,69,7.11,7,Rain,230
2015-1-10,13,8,4,12,8,-1,94,80,52,1017,1011,1007,31,12,3,48,39,77,3.05,7,Rain,253
2015-1-11,7,4,2,3,1,-1,81,71,57,1022,1018,1014,29,14,10,35,24,58,0.00,6,Rain,251
2015-1-12,10,8,6,7,5,3,93,79,63,1021,1014,1010,31,11,5,47,34,69,0.00,8,Rain,221
2015-1-13,11,8,6,8,7,4,100,87,67,1010,1005,1002,31,10,5,40,31,63,5.08,7,Rain,218
2015-1-14,5,3,2,4,2,1,100,86,72,1013,1008,1004,31,10,3,39,24,58,4.06,6,Rain-Snow,219
2015-1-15,10,6,2,7,6,2,93,81,65,1009,998,994,31,11,10,47,32,72,1.02,7,Rain,200
2015-1-16,8,6,3,4,2,1,100,81,57,1009,1005,1000,31,13,8,32,19,,0.76,6,Rain,221
2015-1-17,5,1,-2,2,-1,-2,100,88,55,1016,1013,1009,31,10,5,23,11,,0.00,5,Rain,220
2015-1-18,5,3,1,3,1,-1,100,87,68,1015,1012,1011,31,10,4,23,16,,0.76,7,Rain-Snow,197
2015-1-19,3,1,0,1,1,0,100,95,87,1013,1012,1011,10,5,1,13,6,,1.02,7,Rain-Snow,304
2015-1-20,3,1,-1,1,0,-1,100,91,76,1014,1012,1011,8,5,2,13,5,,0.00,8,Rain,180
2015-1-21,3,1,-3,-2,-3,-5,87,74,54,1014,1012,1011,19,11,6,14,10,,0.00,7,,107
2015-1-22,0,-2,-4,-2,-3,-5,93,86,77,1023,1018,1014,8,5,3,21,13,,0.00,7,,28
2015-1-23,-2,-3,-4,-2,-3,-5,100,92,83,1027,1025,1023,7,3,1,19,10,,0.00,8,Fog,81
2015-1-24,6,2,-2,2,-1,-3,100,91,63,1028,1021,1017,26,6,0,23,16,,4.06,6,Rain-Snow,233
2015-1-25,4,0,-4,3,2,-3,100,94,90,1031,1029,1026,10,7,5,16,10,,0.25,7,Rain,227
2015-1-26,8,6,3,8,4,2,100,92,69,1026,1021,1017,31,6,0,23,13,35,2.03,7,Fog-Rain,227
2015-1-27,7,3,1,4,2,0,100,87,68,1024,1023,1021,23,11,6,19,11,,0.00,6,Rain,260
2015-1-28,7,3,1,6,3,-1,100,90,68,1022,1007,995,31,9,3,47,21,77,7.11,7,Rain-Thunderstorm,212
2015-1-29,6,3,0,2,1,-2,100,81,64,998,983,972,31,12,1,37,26,52,3.05,6,Rain-Snow,222
2015-1-30,3,1,-1,1,1,-1,100,94,85,978,976,972,31,8,0,23,13,,0.25,7,Rain-Snow,242
2015-1-31,6,2,-1,2,0,-2,100,91,64,986,982,978,24,8,2,21,14,,1.02,5,Rain-Snow,218
2015-2-1,3,1,-2,3,1,-2,100,95,87,998,990,986,23,8,1,21,11,,1.02,7,Rain,256
2015-2-2,3,1,-1,2,0,-1,100,94,87,1003,1001,998,31,10,1,26,13,,6.10,7,Rain-Snow,257
2015-2-3,4,1,-2,2,0,-2,100,92,77,1010,1004,1002,27,8,2,14,10,,0.00,6,,257
2015-2-4,4,0,-5,1,-2,-5,100,91,66,1021,1015,1010,31,10,0,26,6,,1.02,6,Fog-Rain-Snow,324
2015-2-5,1,-3,-6,-1,-3,-6,100,90,63,1027,1022,1020,31,9,0,24,6,,0.00,7,Fog-Rain-Snow,22
2015-2-6,2,0,-3,-3,-4,-5,86,74,53,1032,1028,1027,26,12,10,34,24,,0.00,3,Thunderstorm,42
2015-2-7,5,0,-6,4,-1,-6,100,88,50,1034,1032,1030,27,9,2,16,10,,0.00,7,Rain,337
2015-2-8,7,3,1,3,1,-1,100,78,48,1034,1031,1029,18,10,7,27,14,,0.00,6,Rain,326
2015-2-9,7,3,0,5,4,2,100,92,75,1033,1031,1030,27,8,3,16,11,,0.00,7,Rain,280
2015-2-10,7,6,4,5,5,4,100,94,81,1033,1032,1030,31,8,2,14,8,,0.00,7,Rain,359
2015-2-11,6,2,-2,3,1,-2,100,84,68,1030,1025,1023,16,8,1,14,10,,0.00,7,Fog,88
2015-2-12,8,1,-5,3,-1,-5,100,94,55,1023,1021,1019,11,3,0,6,3,,0.00,6,Fog,119
2015-2-13,12,4,-4,3,0,-3,100,80,40,1020,1014,1007,27,8,0,26,10,,0.00,5,Fog,152
2015-2-14,11,8,4,5,3,2,87,73,54,1010,1007,1006,31,12,10,16,13,,0.00,7,,119
2015-2-15,8,3,-2,3,1,-3,100,79,56,1017,1013,1009,16,8,1,18,11,,0.00,5,Rain,50
2015-2-16,8,2,-5,3,-1,-5,100,89,56,1022,1018,1017,8,3,0,14,5,,0.00,3,Fog,163
2015-2-17,8,2,-3,5,2,-3,100,93,69,1041,1032,1022,19,4,0,16,8,,0.25,7,Fog-Rain,254
2015-2-18,2,-1,-4,2,-1,-4,100,99,92,1042,1039,1034,5,1,0,14,5,,0.00,8,Fog-Rain,183
2015-2-19,6,2,-2,2,0,-2,100,82,61,1035,1027,1019,10,6,0,26,14,42,0.00,6,Fog,188
2015-2-20,7,4,3,6,4,0,100,88,65,1019,1007,997,24,10,5,29,21,48,5.08,7,Rain,193
2015-2-21,7,3,0,5,2,0,100,91,70,1004,998,994,31,9,3,26,18,42,2.03,6,Rain,235
2015-2-22,6,1,-3,3,0,-3,100,90,65,1011,1007,999,31,7,0,35,13,,2.03,6,Fog-Rain,201
2015-2-23,11,6,2,6,3,0,100,85,47,1000,994,993,31,11,5,35,26,53,2.03,6,Rain,208
2015-2-24,9,6,2,5,2,0,93,81,60,1013,1003,996,31,11,3,34,24,,2.03,6,Rain,221
2015-2-25,8,4,0,5,3,-1,100,90,69,1020,1017,1013,29,10,1,26,13,,2.03,7,Rain,199
2015-2-26,9,7,4,8,6,4,100,94,71,1020,1014,1008,27,6,0,26,13,40,0.51,8,Fog-Rain,178
2015-2-27,9,4,-1,7,2,-2,100,80,40,1022,1015,1008,31,11,5,32,19,,0.00,6,Rain,317
2015-2-28,9,3,-3,1,-1,-3,100,70,40,1022,1015,1006,31,11,8,32,14,48,0.00,7,,188
2015-3-1,13,9,5,7,4,0,100,75,42,1006,1001,996,31,11,4,40,27,53,0.00,7,Rain,221
2015-3-2,9,6,3,6,1,-2,93,73,42,1015,1005,996,31,12,6,37,26,63,2.03,5,Rain,252
2015-3-3,7,4,2,5,2,-1,93,85,74,1019,1016,1014,27,12,6,34,21,,3.05,6,Rain,220
2015-3-4,8,4,1,3,2,-1,93,79,56,1033,1026,1019,31,14,6,27,19,50,0.25,6,Rain,270
2015-3-5,9,4,-1,4,2,-2,100,84,46,1039,1037,1034,31,10,3,19,10,,0.25,6,Rain,270
2015-3-6,8,3,-1,4,2,1,93,75,53,1037,1035,1033,31,13,10,19,11,,0.00,8,,220
2015-3-7,14,8,1,2,1,-1,93,64,28,1033,1029,1026,31,12,10,23,13,,0.00,7,,188
2015-3-8,18,10,2,7,2,-1,93,59,20,1026,1024,1021,31,13,8,23,13,,0.00,3,,219
2015-3-9,11,8,5,8,6,4,100,86,64,1029,1026,1024,26,9,5,16,10,,0.00,7,,191
2015-3-10,13,7,2,8,6,0,100,78,40,1032,1028,1024,26,9,2,19,11,,0.00,6,Rain,303
2015-3-11,9,3,-3,3,0,-3,100,86,31,1033,1031,1030,31,8,0,13,3,,0.00,6,Fog,99
2015-3-12,13,6,-2,2,0,-2,93,67,30,1032,1030,1026,31,11,6,23,10,,0.00,1,,93
2015-3-13,9,6,2,1,-1,-3,87,63,38,1026,1025,1023,31,12,10,26,13,,0.00,7,,80
2015-3-14,6,3,-1,3,1,-3,93,79,49,1029,1028,1026,27,10,5,23,16,,0.00,7,Rain,41
2015-3-15,8,6,4,4,3,2,93,80,62,1029,1026,1025,21,10,6,26,18,,0.25,7,Rain,57
2015-3-16,13,6,-1,3,2,-1,100,77,38,1025,1023,1022,18,8,2,14,10,,0.00,4,,79
2015-3-17,18,8,-2,5,2,-2,100,79,26,1025,1024,1023,19,7,0,14,3,,0.00,4,Fog,40
2015-3-18,12,6,0,7,4,0,100,88,62,1029,1027,1024,6,4,0,23,6,,0.00,6,Fog,310
2015-3-19,8,6,3,6,4,3,100,90,76,1030,1028,1028,5,3,2,14,8,,0.00,8,,351
2015-3-20,4,2,-1,4,3,-1,100,97,82,1029,1026,1021,3,1,0,11,3,,0.00,7,Fog-Snow,322
2015-3-21,9,6,1,7,4,2,100,83,56,1023,1019,1017,27,8,2,27,16,,1.02,7,Rain,305
2015-3-22,7,2,-2,3,1,-2,100,77,49,1027,1024,1022,31,11,4,26,18,,0.00,7,,43
2015-3-23,12,4,-4,3,-1,-4,100,84,41,1022,1017,1012,21,7,3,14,3,,0.00,4,,207
2015-3-24,12,4,-4,6,1,-4,100,79,37,1013,1009,1006,11,5,0,16,5,,3.05,5,Fog-Rain,210
2015-3-25,7,6,4,6,5,4,100,92,85,1010,1007,1005,21,6,1,19,8,,2.03,7,Rain,301
2015-3-26,7,3,0,6,3,0,100,90,51,1010,1007,1005,31,8,0,37,13,55,2.03,6,Fog-Rain,207
2015-3-27,11,6,-1,4,2,-2,100,73,46,1024,1017,1009,31,13,10,29,18,48,0.00,6,Rain,268
2015-3-28,12,5,-2,11,7,-2,100,91,54,1024,1014,1006,31,10,3,35,16,,2.03,7,Rain,199
2015-3-29,12,10,8,10,8,4,100,87,69,1007,999,990,31,10,3,52,32,74,16.00,7,Rain,245
2015-3-30,9,8,6,6,2,-2,87,67,35,1011,1004,996,31,12,6,34,24,53,2.03,6,Rain,263
2015-3-31,12,7,3,10,5,-1,100,75,35,1011,1000,992,31,10,3,72,34,101,0.25,7,Rain-Thunderstorm,256
2015-4-1,9,7,3,4,0,-2,87,60,36,1020,1016,1011,31,14,10,42,27,63,1.02,7,Rain,274
2015-4-2,9,6,2,6,2,-4,100,77,36,1024,1015,1010,31,11,6,37,23,55,0.51,6,Rain,291
2015-4-3,10,4,-1,2,0,-2,93,71,30,1024,1021,1017,31,12,10,14,8,,0.00,7,Rain,180
2015-4-4,10,7,3,3,1,-2,93,71,36,1023,1019,1016,31,11,9,26,13,,1.02,7,Rain,31
2015-4-5,12,5,-2,2,-1,-3,100,65,27,1028,1026,1023,31,12,10,14,8,,0.00,5,,348
2015-4-6,12,6,-1,5,3,-2,93,76,43,1035,1030,1028,31,13,10,11,5,,0.00,8,Rain,303
2015-4-7,13,6,-2,5,2,-2,100,83,39,1038,1036,1034,19,7,0,14,3,,0.00,3,Fog,242
2015-4-8,13,7,1,6,4,1,100,84,46,1035,1034,1031,27,5,0,13,5,,0.00,7,Fog,346
2015-4-9,19,10,1,7,4,1,100,78,27,1032,1028,1023,13,7,1,11,5,,0.00,1,,28
2015-4-10,23,12,2,8,4,-1,100,67,13,1024,1020,1015,27,7,1,13,3,,0.00,2,,205
2015-4-11,14,9,3,11,6,2,94,71,38,1027,1019,1014,31,12,3,34,19,61,1.02,7,Rain,226
2015-4-12,17,9,2,7,3,-2,93,63,20,1030,1027,1023,31,11,6,34,14,,0.00,3,,211
2015-4-13,14,9,4,7,3,-1,93,63,26,1033,1030,1024,31,11,10,29,14,47,0.00,5,Rain,291
2015-4-14,22,13,3,9,6,1,82,57,24,1031,1026,1022,31,12,6,29,11,45,0.00,4,,231
2015-4-15,24,16,6,9,7,4,93,56,20,1022,1017,1013,31,13,10,26,11,39,0.00,2,,247
2015-4-16,17,11,5,7,5,0,100,72,26,1017,1016,1014,27,9,1,26,11,,0.00,6,,32
2015-4-17,14,9,4,4,2,0,76,58,31,1024,1019,1016,31,10,10,26,18,,0.00,6,,27
2015-4-18,15,8,1,3,1,-1,93,60,25,1028,1026,1024,31,12,10,26,16,,0.00,2,,39
2015-4-19,16,8,0,4,2,0,100,70,28,1026,1023,1021,31,11,6,21,10,,0.00,2,,14
2015-4-20,19,11,3,7,3,0,81,53,17,1030,1027,1024,31,13,10,26,13,,0.00,2,,27
2015-4-21,21,11,2,6,3,-1,100,63,22,1032,1031,1029,31,12,6,26,11,,0.00,2,,4
2015-4-22,15,8,2,6,4,1,100,81,41,1033,1029,1024,31,8,0,23,11,40,0.00,5,Fog,337
2015-4-23,16,9,2,7,4,2,100,77,39,1025,1020,1016,27,9,3,14,8,,0.00,6,,12
2015-4-24,23,12,2,8,5,2,100,64,21,1017,1012,1008,23,9,3,24,8,,0.00,5,,217
2015-4-25,16,13,10,12,9,8,100,80,55,1010,1008,1006,19,9,5,24,13,,0.00,6,Rain,211
2015-4-26,16,12,9,11,10,8,100,83,59,1008,1006,1005,27,10,5,19,11,,2.03,7,Rain,271
2015-4-27,14,10,5,9,4,-1,100,72,27,1011,1007,1005,31,10,6,32,18,,0.00,7,Rain,1
2015-4-28,13,5,-3,6,-1,-5,100,62,23,1021,1016,1011,31,12,6,32,11,52,0.76,3,Rain,251
2015-4-29,16,8,0,7,1,-3,87,55,27,1021,1016,1013,31,10,10,32,11,,2.03,6,Rain,197
2015-4-30,16,10,4,7,4,-1,94,69,28,1014,1012,1010,31,11,10,29,16,37,0.00,5,Rain,236
2015-5-1,15,7,-1,4,1,-1,100,63,25,1011,1009,1007,31,11,9,21,8,,0.00,6,,8
2015-5-2,16,9,2,4,2,1,100,56,26,1013,1011,1008,31,14,10,18,10,,0.00,6,,63
2015-5-3,17,13,11,16,11,0,100,78,32,1008,1002,1000,31,11,5,23,13,,3.05,7,Rain,172
2015-5-4,21,16,11,13,11,9,94,74,37,1009,1006,999,31,12,9,23,14,,8.89,7,Rain,190
2015-5-5,24,17,11,16,12,3,94,74,31,1013,999,994,31,11,5,80,21,100,4.06,5,Rain-Thunderstorm,187
2015-5-6,18,13,8,8,6,2,87,59,35,1013,1009,1008,31,11,10,40,23,69,3.05,5,Rain-Thunderstorm,206
2015-5-7,16,12,9,10,7,2,93,71,45,1019,1017,1012,31,13,6,34,24,45,2.03,7,Rain,237
2015-5-8,20,13,7,9,7,4,100,65,29,1019,1015,1013,31,11,0,13,5,,0.00,7,Fog,128
2015-5-9,19,16,12,11,9,4,88,68,32,1021,1016,1013,31,11,6,43,21,58,1.02,7,Rain,239
2015-5-10,20,12,5,10,8,5,100,77,33,1028,1025,1022,31,9,0,14,8,,0.00,4,Fog,211
2015-5-11,27,18,9,14,10,7,94,61,21,1024,1020,1018,29,11,10,26,8,47,0.00,6,,188
2015-5-12,19,14,9,12,8,4,82,62,31,1022,1017,1015,31,13,10,29,8,47,0.00,6,,273
2015-5-13,20,13,6,9,6,3,93,62,26,1022,1019,1014,31,14,10,24,10,,0.00,4,,266
2015-5-14,17,10,3,9,4,2,100,68,28,1016,1014,1010,31,11,7,19,8,,0.25,5,Rain,42
2015-5-15,16,12,8,7,5,3,82,62,33,1022,1017,1011,31,14,10,26,18,37,0.00,6,,2
2015-5-16,15,9,4,12,8,3,100,83,51,1027,1023,1021,31,9,2,24,13,,1.02,7,Rain,250
2015-5-17,18,11,4,9,5,3,100,63,27,1027,1024,1020,31,14,10,21,10,,0.00,6,,249
2015-5-18,19,11,3,11,7,3,93,71,37,1021,1009,1004,31,14,10,35,14,52,0.25,7,Rain,213
2015-5-19,14,11,7,9,6,3,93,77,47,1009,1006,1004,31,11,2,35,21,60,5.08,5,Rain-Thunderstorm,222
2015-5-20,16,10,4,7,5,2,100,70,34,1021,1014,1009,31,12,10,24,13,40,0.51,4,Rain,251
2015-5-21,19,11,2,9,6,2,100,70,30,1028,1024,1021,31,11,5,23,10,,0.00,5,,252
2015-5-22,21,15,9,9,7,6,87,60,30,1028,1025,1022,31,14,10,19,8,,0.00,7,,233
2015-5-23,17,13,10,13,10,7,88,74,45,1024,1022,1021,31,11,5,23,10,,0.00,8,Rain,331
2015-5-24,21,13,4,8,6,2,93,58,24,1022,1019,1017,31,13,10,16,8,,0.51,4,,309
2015-5-25,17,14,11,13,9,5,100,79,43,1018,1016,1015,13,7,1,24,10,,0.00,7,Rain,281
2015-5-26,17,12,8,7,5,3,87,63,29,1025,1021,1018,31,12,10,29,11,,0.00,7,Rain,314
2015-5-27,20,12,5,9,6,3,100,60,29,1025,1022,1017,31,13,10,19,6,,0.00,7,,242
2015-5-28,19,14,10,11,8,3,82,62,31,1018,1014,1013,31,12,6,29,16,,0.25,7,Rain,242
2015-5-29,17,12,8,8,7,3,93,70,30,1014,1010,1006,31,13,10,39,14,60,0.51,7,Rain,217
2015-5-30,16,11,6,9,6,3,100,73,31,1016,1013,1008,31,11,5,32,16,40,3.05,5,Rain,241
2015-5-31,18,12,6,14,11,6,100,82,49,1016,1010,1007,31,10,3,35,16,55,1.02,7,Rain,205
2015-6-1,18,13,8,11,7,2,100,74,29,1017,1015,1010,31,10,2,26,13,,0.00,6,Rain,231
2015-6-2,19,15,11,13,10,6,94,71,51,1013,1010,1008,31,12,10,40,24,55,0.51,8,Rain,206
2015-6-3,18,13,9,15,11,7,100,73,38,1027,1019,1013,31,12,5,32,19,52,0.00,7,Rain,259
2015-6-4,23,14,5,9,8,6,100,61,27,1029,1026,1021,31,14,10,19,6,,0.00,2,,76
2015-6-5,33,23,13,18,14,9,94,60,22,1022,1017,1013,31,13,5,60,13,85,8.89,6,Rain-Thunderstorm,173
2015-6-6,20,16,10,18,12,2,100,73,22,1028,1022,1016,31,9,2,23,11,,0.00,6,Rain,263
2015-6-7,21,13,6,10,7,5,94,60,29,1031,1029,1028,31,13,10,21,8,,0.00,3,,302
2015-6-8,19,12,6,7,6,5,93,62,30,1032,1030,1028,31,12,10,29,16,,0.00,5,,17
2015-6-9,17,12,7,6,5,4,87,61,33,1031,1029,1028,31,12,10,26,19,,0.00,6,,27
2015-6-10,22,15,8,10,7,5,93,57,22,1029,1026,1023,31,12,8,26,16,,0.00,3,,38
2015-6-11,26,19,12,10,8,6,72,45,20,1024,1019,1014,31,12,10,21,16,,0.00,3,,62
2015-6-12,30,22,15,20,12,8,83,51,22,1014,1010,1007,31,13,5,19,13,27,0.51,4,Rain-Thunderstorm,102
2015-6-13,23,19,14,17,12,7,94,69,27,1011,1009,1007,31,12,3,32,14,,1.02,5,Rain,227
2015-6-14,24,17,9,13,12,8,94,71,32,1014,1011,1010,31,12,6,21,10,,0.00,6,,284
2015-6-15,21,16,12,12,8,4,88,61,25,1023,1018,1014,31,11,5,27,19,32,0.00,7,,21
2015-6-16,18,12,6,7,5,3,87,58,33,1026,1025,1023,31,13,10,23,13,,0.00,6,Rain,24
2015-6-17,24,14,4,15,9,5,100,62,29,1027,1023,1017,31,13,10,26,8,52,2.03,5,Rain,228
2015-6-18,18,15,12,16,12,5,100,76,42,1019,1017,1015,31,11,3,27,16,,0.00,6,Rain,279
2015-6-19,16,13,11,12,9,7,100,81,55,1020,1018,1018,31,10,5,19,11,,1.02,7,Rain,265
2015-6-20,18,14,10,10,9,6,100,76,37,1022,1020,1019,24,10,6,14,10,,0.00,7,Rain,292
2015-6-21,21,16,11,17,12,9,100,77,43,1020,1015,1013,31,11,5,35,11,47,1.02,6,Rain,224
2015-6-22,16,12,9,12,11,8,100,85,55,1014,1009,1006,31,11,6,29,14,,1.02,7,Rain,239
2015-6-23,17,12,8,11,9,8,100,80,53,1020,1013,1007,31,11,6,29,14,,0.25,7,Rain,283
2015-6-24,22,17,12,12,10,9,94,71,36,1023,1021,1019,31,12,10,19,10,,0.00,7,,242
2015-6-25,25,18,12,13,11,8,94,60,24,1022,1021,1021,31,13,10,16,6,,0.00,6,,251
2015-6-26,27,20,12,16,13,9,100,62,27,1022,1018,1015,31,12,10,19,6,,0.25,7,Rain,219
2015-6-27,24,18,13,16,13,8,88,66,27,1022,1017,1014,31,11,10,27,13,,0.00,6,Rain,280
2015-6-28,25,17,8,15,11,8,100,62,31,1022,1021,1018,31,13,10,18,6,,0.00,7,Rain,201
2015-6-29,26,20,14,15,13,9,88,62,27,1023,1021,1018,31,13,10,14,6,,0.00,4,,286
2015-6-30,29,20,10,13,11,8,100,54,18,1023,1021,1018,31,13,10,18,6,,0.00,1,,98
2015-7-1,35,27,18,15,13,11,64,39,20,1019,1016,1014,31,11,10,21,13,,0.00,1,,109
2015-7-2,36,28,20,21,17,14,94,55,26,1021,1017,1015,31,12,3,32,13,,3.05,5,Rain-Thunderstorm,274
2015-7-3,32,24,17,20,18,17,100,68,36,1025,1023,1020,31,12,3,19,8,,0.00,5,,357
2015-7-4,35,28,21,21,18,14,78,52,23,1021,1018,1016,31,13,10,23,14,,0.00,5,,297
2015-7-5,29,23,17,18,15,12,83,63,39,1021,1016,1013,31,12,2,39,11,61,1.02,5,Rain-Thunderstorm,291
2015-7-6,26,19,12,14,11,8,94,61,25,1022,1020,1017,31,12,10,26,13,,0.00,2,,230
2015-7-7,29,22,14,15,13,11,82,54,27,1017,1010,1006,10,10,10,29,11,48,0.00,6,Rain,204
2015-7-8,21,17,13,15,12,9,94,76,50,1013,1010,1007,31,12,6,43,26,64,4.06,7,Rain,238
2015-7-9,19,13,8,14,10,6,100,75,35,1025,1019,1012,31,12,8,26,16,37,0.51,6,Rain,291
2015-7-10,24,14,6,8,7,6,100,58,24,1025,1022,1017,31,12,10,14,6,,0.00,1,,163
2015-7-11,31,23,15,12,9,7,82,44,14,1018,1015,1014,31,11,10,29,11,42,0.00,5,,224
2015-7-12,20,17,13,15,13,10,94,79,53,1019,1017,1017,31,12,10,26,13,,1.02,7,Rain,223
2015-7-13,19,18,16,18,16,13,100,90,73,1018,1016,1015,31,9,2,26,18,,4.06,7,Rain,231
2015-7-14,20,18,16,18,17,16,100,94,83,1020,1016,1014,31,8,2,23,16,,2.03,7,Rain,248
2015-7-15,22,19,16,19,17,15,100,87,68,1020,1018,1017,31,10,5,23,10,,0.25,7,Rain,236
2015-7-16,27,20,13,17,15,12,100,75,41,1020,1017,1013,31,9,0,18,8,,0.00,6,Fog-Rain,6
2015-7-17,29,25,20,18,17,15,78,59,35,1014,1012,1008,31,13,10,34,19,,1.02,4,Rain,239
2015-7-18,25,20,14,17,13,9,94,69,27,1018,1016,1014,31,11,8,27,14,45,0.00,6,Rain,253
2015-7-19,22,18,14,16,14,12,100,82,52,1015,1011,1009,31,10,3,24,10,37,1.02,7,Rain,219
2015-7-20,23,17,11,21,17,11,100,90,65,1013,1012,1011,31,10,2,19,8,,3.05,6,Rain,185
2015-7-21,26,22,18,19,17,13,95,73,39,1014,1013,1011,31,11,10,26,14,,0.00,6,Rain,241
2015-7-22,24,20,16,17,13,12,94,63,39,1015,1014,1013,31,12,10,21,10,,0.00,6,Rain,251
2015-7-23,23,17,11,14,11,8,94,61,29,1018,1016,1015,31,12,10,19,10,,0.00,5,,283
2015-7-24,25,19,13,16,12,9,88,62,25,1016,1010,1002,31,12,6,21,6,,0.51,8,Rain,59
2015-7-25,18,14,12,16,13,9,100,86,63,1016,1004,997,31,10,3,42,19,63,5.08,6,Rain-Hail,238
2015-7-26,22,14,7,14,11,7,100,79,32,1017,1011,1002,31,12,5,27,13,,1.02,6,Rain,187
2015-7-27,21,17,13,17,14,9,100,85,50,1004,1000,999,31,11,5,42,23,66,4.06,7,Rain,217
2015-7-28,20,17,13,12,11,8,94,69,40,1008,1005,1003,31,11,5,39,26,55,0.00,6,Rain,228
2015-7-29,18,14,11,12,10,8,94,77,44,1013,1008,1007,31,11,6,32,19,52,6.10,6,Rain-Thunderstorm,246
2015-7-30,18,13,9,13,11,8,100,83,56,1020,1016,1012,31,11,3,21,11,,7.87,7,Rain-Thunderstorm,276
2015-7-31,19,12,4,10,7,5,100,72,28,1021,1019,1016,31,11,5,14,5,,0.00,3,,294
2015-8-1,24,16,8,11,8,7,87,56,25,1018,1016,1015,31,12,10,14,8,,0.00,3,,2
2015-8-2,27,17,8,12,9,7,100,66,19,1021,1019,1016,31,10,5,14,5,,0.00,2,,184
2015-8-3,33,24,15,18,13,9,83,48,16,1016,1013,1011,31,12,10,29,13,,0.00,3,,160
2015-8-4,21,17,13,18,16,9,94,82,55,1018,1013,1008,31,12,10,21,11,,1.02,7,Rain-Thunderstorm,261
2015-8-5,27,19,10,14,11,8,88,55,23,1019,1016,1012,31,12,10,18,10,,0.00,5,,150
2015-8-6,31,23,16,17,16,11,88,62,21,1016,1013,1012,31,13,10,29,10,,0.00,2,,213
2015-8-7,28,22,15,18,17,14,94,72,43,1019,1016,1015,31,12,10,18,8,,0.00,5,Rain-Thunderstorm,355
2015-8-8,24,20,15,17,14,11,94,70,36,1023,1021,1018,27,11,8,19,11,,0.00,6,,357
2015-8-9,24,18,13,16,14,12,94,71,43,1023,1020,1018,31,13,6,11,6,,0.00,7,Rain,40
2015-8-10,27,21,15,17,14,11,100,75,31,1020,1017,1015,31,8,3,14,3,,0.00,7,Rain,274
2015-8-11,27,20,13,18,16,14,100,83,43,1021,1018,1017,31,9,3,18,5,,0.00,6,,270
2015-8-12,27,23,18,18,17,15,94,75,42,1023,1021,1020,31,10,5,23,14,,0.00,6,,30
2015-8-13,31,23,16,20,17,15,94,73,38,1021,1015,1009,31,11,5,26,16,45,7.87,5,Rain-Thunderstorm,54
2015-8-14,27,22,18,20,18,16,100,81,48,1010,1008,1006,29,9,2,24,11,,0.00,7,Rain-Thunderstorm,194
2015-8-15,22,19,16,19,17,15,100,90,68,1014,1009,1005,31,10,3,21,8,,8.89,6,Rain-Hail,283
2015-8-16,18,16,13,15,14,11,100,88,58,1016,1015,1013,31,9,5,19,10,,0.25,8,Rain-Snow,318
2015-8-17,16,14,12,15,13,12,100,94,82,1016,1014,1012,31,10,3,21,11,,3.05,7,Rain,289
2015-8-18,19,16,12,13,12,9,100,86,54,1017,1013,1012,31,10,6,23,18,,0.00,7,Rain,231
2015-8-19,23,18,13,12,11,10,88,66,36,1022,1019,1017,31,11,10,18,8,,0.00,7,Rain,174
2015-8-20,26,18,11,16,12,10,94,66,31,1023,1022,1021,31,12,10,11,6,,0.00,5,,162
2015-8-21,27,19,12,16,14,12,100,75,36,1024,1023,1021,31,10,5,11,5,,0.00,3,,166
2015-8-22,27,21,15,13,12,9,77,50,23,1021,1018,1013,31,15,10,19,10,,0.00,3,,113
2015-8-23,27,22,16,17,13,9,100,71,24,1014,1006,1002,31,9,2,29,13,52,7.11,6,Rain-Thunderstorm,135
2015-8-24,24,18,13,17,16,13,100,85,46,1004,1001,998,27,7,0,35,10,58,3.05,7,Fog-Rain-Thunderstorm,165
2015-8-25,21,18,14,15,13,9,100,84,39,1014,1008,1000,31,10,5,32,24,42,3.05,6,Rain,217
2015-8-26,27,21,15,18,16,14,95,72,41,1013,1010,1005,19,10,10,29,21,45,2.03,6,Rain,191
2015-8-27,18,16,13,18,14,12,100,90,64,1012,1010,1007,23,11,10,27,14,,6.10,7,Rain,202
2015-8-28,22,17,11,15,13,11,100,85,43,1022,1016,1012,31,9,5,19,11,,0.00,5,,218
2015-8-29,25,17,8,16,12,8,100,77,37,1023,1021,1018,31,11,6,11,3,,0.00,4,,132
2015-8-30,29,23,17,23,19,14,100,82,53,1019,1016,1014,31,10,3,23,11,45,0.00,6,Rain-Thunderstorm,46
2015-8-31,30,24,18,20,18,17,96,82,39,1016,1010,1007,31,11,6,40,14,58,3.05,6,Rain-Thunderstorm,219
2015-9-1,20,16,10,17,14,10,100,83,52,1018,1012,1009,29,11,10,23,14,,0.00,7,Rain,305
2015-9-2,18,13,8,13,11,8,100,87,48,1018,1016,1015,31,12,6,18,6,,2.03,7,Rain,233
2015-9-3,18,13,9,13,11,9,100,88,51,1016,1014,1013,31,8,0,21,6,,0.51,6,Fog-Rain-Thunderstorm,219
2015-9-4,17,12,8,12,11,8,100,85,54,1015,1014,1013,24,10,4,29,18,,1.02,7,Rain,239
2015-9-5,16,12,9,14,12,7,100,88,62,1020,1016,1013,31,11,5,29,18,48,2.03,6,Rain,266
2015-9-6,17,12,8,12,9,8,100,79,49,1027,1024,1020,31,13,5,26,13,,0.51,7,Rain,277
2015-9-7,18,14,12,14,12,11,100,85,64,1028,1026,1025,31,11,5,19,11,,0.25,8,Rain,298
2015-9-8,17,14,11,13,12,11,100,86,59,1028,1026,1024,29,11,5,14,8,,0.00,8,Rain-Snow,349
2015-9-9,19,14,9,13,11,9,100,81,48,1025,1023,1022,31,11,3,23,10,,0.00,5,,47
2015-9-10,20,14,9,10,9,8,88,68,40,1023,1022,1020,31,11,10,24,13,,0.00,2,,64
2015-9-11,21,14,9,11,9,7,93,68,33,1021,1017,1014,31,12,10,16,11,29,0.00,1,,84
2015-9-12,22,17,11,17,13,9,100,79,54,1015,1012,1010,31,12,5,24,11,,2.03,7,Rain,151
2015-9-13,20,16,12,16,14,11,100,87,67,1012,1007,1001,31,10,5,21,10,,2.03,7,Rain,151
2015-9-14,20,16,12,16,13,8,100,86,65,1003,1000,998,11,9,3,34,14,,4.06,6,Rain,186
2015-9-15,18,14,10,10,8,7,88,70,41,1003,1001,1000,10,10,10,40,21,61,0.00,6,Rain,191
2015-9-16,19,15,11,18,15,8,100,92,71,1002,992,989,31,10,3,26,14,37,7.11,7,Rain,148
2015-9-17,16,14,12,14,13,11,100,89,69,1009,999,990,14,9,5,35,21,50,8.89,6,Rain,212
2015-9-18,19,14,9,14,12,9,100,87,54,1016,1013,1009,26,10,5,29,13,45,1.02,6,Rain,185
2015-9-19,18,14,12,14,12,9,100,89,62,1026,1020,1016,31,9,3,21,10,,0.25,7,Rain,259
2015-9-20,19,13,7,12,9,7,100,83,47,1026,1024,1021,31,10,2,19,6,,0.00,5,,251
2015-9-21,18,12,7,12,9,7,100,82,49,1022,1015,1007,31,10,5,21,10,,3.05,6,Rain,201
2015-9-22,17,13,11,13,12,10,100,94,64,1008,1001,998,31,10,5,21,13,,10.92,7,Rain,206
2015-9-23,16,12,9,14,12,9,100,95,82,1015,1007,1001,27,9,3,21,13,,3.05,6,Rain,253
2015-9-24,18,13,9,14,11,9,100,88,59,1019,1016,1014,31,11,5,29,14,,1.02,7,Rain,206
2015-9-25,17,13,9,13,11,8,100,88,49,1025,1021,1019,31,9,2,18,10,,0.00,6,Rain,242
2015-9-26,17,11,4,11,8,5,100,87,44,1030,1027,1025,31,9,0,21,5,,0.00,4,Fog-Rain,358
2015-9-27,17,11,5,11,7,5,100,88,39,1036,1032,1029,26,7,0,24,10,,0.00,2,Fog,33
2015-9-28,18,11,5,11,8,5,100,86,44,1038,1036,1035,31,9,0,23,11,,0.00,2,Fog,41
2015-9-29,18,12,6,9,7,6,100,72,38,1036,1035,1033,31,11,6,29,14,45,0.00,4,,59
2015-9-30,18,13,8,8,7,6,93,66,35,1035,1033,1031,31,11,10,32,16,47,0.00,1,,65
2015-10-1,17,11,6,8,6,5,100,72,36,1033,1030,1028,31,13,6,29,14,,0.00,1,,53
2015-10-2,18,10,2,8,5,2,100,78,36,1029,1025,1018,31,11,6,19,10,,0.00,1,,45
2015-10-3,19,11,3,13,8,3,100,90,45,1019,1015,1013,31,9,1,13,5,,0.00,6,,255
2015-10-4,18,11,4,12,8,4,100,92,53,1016,1015,1014,31,5,0,16,5,,0.00,3,Fog,183
2015-10-5,17,12,8,14,11,8,100,86,62,1015,1010,1005,31,10,5,21,10,,6.10,7,Rain,136
2015-10-6,18,16,13,17,15,13,100,96,84,1005,1002,1000,23,7,1,14,10,,0.51,7,Rain,153
2015-10-7,17,14,13,15,13,13,100,92,76,1015,1009,1003,31,10,3,29,16,42,0.00,7,Rain,201
2015-10-8,15,13,11,13,12,8,100,90,59,1022,1019,1015,31,9,2,18,11,,0.00,8,Rain,241
2015-10-9,17,11,4,10,8,5,100,89,43,1023,1022,1021,27,8,0,14,3,,0.00,6,Fog,213
2015-10-10,12,10,7,12,9,5,100,89,73,1022,1020,1018,13,8,5,21,10,,0.00,7,,41
2015-10-11,12,8,3,5,3,1,93,71,44,1019,1017,1016,31,12,9,21,14,,0.00,1,,64
2015-10-12,12,6,1,4,2,0,100,75,42,1019,1017,1016,31,13,5,14,11,,0.00,5,,55
2015-10-13,5,3,1,2,2,0,100,86,70,1022,1018,1016,14,8,5,27,11,,0.00,7,,20
2015-10-14,4,3,2,4,3,2,100,95,79,1022,1019,1018,14,8,3,19,8,,6.10,7,Rain,39
2015-10-15,7,3,-1,6,4,-1,100,97,92,1020,1018,1016,10,3,1,14,10,,2.03,7,Fog-Rain,348
2015-10-16,8,7,6,7,7,6,100,96,83,1019,1017,1016,6,3,0,11,6,,5.08,8,Fog-Rain,218
2015-10-17,9,8,6,7,6,5,100,91,68,1019,1017,1016,31,6,0,11,5,,0.00,8,Fog-Rain,152
2015-10-18,10,7,3,8,6,2,100,90,61,1021,1019,1018,16,5,0,10,5,,0.00,8,Fog-Rain,331
2015-10-19,12,10,8,11,9,8,100,94,82,1024,1022,1019,13,5,0,13,6,,0.00,8,Fog-Rain,354
2015-10-20,12,8,4,10,8,4,100,93,74,1025,1023,1022,29,7,0,23,6,,0.00,7,Fog-Rain,293
2015-10-21,13,8,3,10,7,3,100,94,70,1024,1020,1015,11,4,0,23,8,,0.51,7,Fog-Rain-Snow,203
2015-10-22,14,12,10,13,11,9,100,94,81,1021,1015,1013,26,8,2,21,16,,1.02,8,Rain-Snow,234
2015-10-23,14,11,8,9,8,6,94,78,48,1025,1022,1021,31,13,10,13,6,,0.00,8,,199
2015-10-24,14,12,9,9,8,8,94,81,59,1021,1017,1015,31,13,10,14,6,,0.00,8,Rain,178
2015-10-25,14,11,7,11,9,6,100,85,56,1026,1023,1017,31,10,2,11,6,,0.00,7,Rain,327
2015-10-26,16,11,6,10,9,7,100,86,60,1024,1020,1016,26,8,0,16,10,,0.00,6,Fog,112
2015-10-27,18,12,6,11,9,6,100,84,51,1016,1014,1012,21,9,3,14,8,,0.00,4,,125
2015-10-28,14,11,8,11,9,7,100,88,70,1012,1010,1009,14,8,4,14,10,,0.25,7,Rain,138
2015-10-29,16,11,7,11,10,7,100,86,56,1022,1016,1011,29,9,3,19,10,,0.00,6,Rain,197
2015-10-30,15,10,6,10,8,5,100,85,58,1026,1024,1022,23,10,5,14,10,,0.00,4,,124
2015-10-31,16,10,5,9,7,5,100,82,48,1028,1025,1024,11,7,2,14,10,,0.00,1,,122
2015-11-1,18,10,2,10,6,2,100,92,49,1031,1029,1028,18,5,0,11,5,,0.00,1,Fog,135
2015-11-2,15,8,2,9,5,2,100,93,51,1029,1025,1023,14,5,0,11,5,,0.00,2,Fog-Rain,97
2015-11-3,17,9,2,8,5,2,100,85,45,1023,1020,1018,31,9,0,13,6,,0.00,4,Fog,135
2015-11-4,17,12,7,12,9,6,93,78,52,1019,1017,1016,31,12,10,26,11,,0.00,7,Rain,172
2015-11-5,17,12,8,13,12,8,100,91,71,1020,1018,1016,31,10,3,21,11,39,0.51,7,Rain,172
2015-11-6,18,16,14,16,14,12,100,91,65,1020,1018,1016,31,9,3,26,18,,0.25,7,Rain,202
2015-11-7,19,17,14,16,15,12,100,87,71,1024,1021,1019,31,11,5,35,18,52,0.25,7,Rain,214
2015-11-8,18,12,8,14,11,8,100,87,60,1029,1025,1017,31,8,0,26,11,,0.00,7,Fog,184
2015-11-9,14,14,13,15,12,7,94,78,54,1023,1020,1017,31,11,6,34,24,52,0.00,6,Rain,240
2015-11-10,15,14,13,13,11,7,94,84,55,1024,1023,1022,31,10,5,34,27,42,0.00,8,Rain,230
2015-11-11,14,12,11,11,9,8,94,78,63,1024,1023,1022,31,13,10,24,19,,0.00,8,Rain,213
2015-11-12,15,12,10,11,10,9,94,82,67,1026,1023,1020,31,12,10,19,14,,0.00,8,Rain,198
2015-11-13,14,10,7,11,8,3,93,77,42,1024,1020,1018,31,12,6,48,19,66,3.05,6,Rain,231
2015-11-14,11,8,6,10,7,3,100,85,68,1026,1022,1014,31,12,5,40,23,60,2.03,6,Rain,222
2015-11-15,16,12,8,13,11,9,100,84,64,1014,1012,1010,31,11,3,45,34,66,2.03,7,Rain,241
2015-11-16,13,12,12,12,9,7,100,82,63,1014,1012,1010,29,11,4,34,24,47,0.51,8,Rain,218
2015-11-17,16,13,12,14,12,9,100,86,54,1010,1006,1002,31,11,4,53,23,82,2.03,6,Rain,218
2015-11-18,15,13,12,11,8,6,88,70,51,1016,1011,1004,31,12,6,50,37,82,0.51,7,Rain,237
2015-11-19,13,11,8,9,8,7,100,84,60,1014,1011,1010,31,10,2,40,26,60,6.10,7,Rain,238
2015-11-20,8,6,3,8,6,2,100,87,67,1011,1006,998,26,10,3,29,14,50,1.02,6,Rain,236
2015-11-21,5,3,2,4,2,1,100,91,77,1003,997,994,31,10,5,27,18,,3.05,7,Rain,258
2015-11-22,6,3,0,2,1,-1,100,88,70,1016,1009,1003,31,11,10,21,11,,0.25,5,Rain,282
2015-11-23,7,2,-2,2,0,-3,100,85,57,1025,1022,1017,31,11,5,16,8,,0.00,7,,239
2015-11-24,5,3,1,4,1,-1,100,89,69,1024,1014,1006,31,10,3,32,21,50,4.06,7,Rain-Snow,198
2015-11-25,7,5,3,6,4,2,100,94,81,1010,1006,1005,27,9,3,18,13,,2.03,6,Rain,249
2015-11-26,10,4,-1,5,2,-1,100,92,54,1022,1019,1011,31,9,0,11,6,,0.00,3,Fog-Rain,220
2015-11-27,6,2,-1,4,2,-1,100,90,72,1022,1015,1007,31,10,3,26,13,,0.00,7,Rain,187
2015-11-28,8,6,3,6,4,1,100,85,56,1014,1009,1004,31,11,4,37,24,52,0.51,7,Rain,231
2015-11-29,12,9,6,10,8,5,94,87,68,1011,1008,1007,31,10,5,45,32,66,2.03,7,Rain,230
2015-11-30,13,9,6,11,8,2,100,88,54,1019,1014,1011,31,10,4,40,24,64,12.95,7,Rain,237
2015-12-1,12,10,8,12,9,8,100,95,81,1026,1021,1014,19,7,2,32,16,47,2.03,7,Rain-Snow,247
2015-12-2,13,11,9,9,6,5,88,71,54,1027,1026,1025,29,12,10,26,18,,0.00,8,Rain,208
2015-12-3,12,10,8,6,5,4,81,72,56,1028,1026,1020,31,11,10,21,14,,0.00,8,,189
2015-12-4,11,9,7,9,6,4,100,83,61,1031,1024,1017,31,11,6,29,23,45,1.02,6,Rain,228
2015-12-5,8,7,6,5,3,1,87,72,51,1030,1025,1020,31,12,10,35,24,50,0.00,6,,201
2015-12-6,12,9,6,10,7,3,94,79,61,1026,1021,1019,29,11,6,34,27,50,0.00,8,Rain,207
2015-12-7,14,11,9,9,8,7,94,83,63,1031,1029,1026,27,13,6,19,13,,0.00,7,Rain,181
2015-12-8,13,10,7,10,8,6,96,86,62,1029,1026,1024,31,11,3,26,14,40,1.02,7,Rain,196
2015-12-9,9,7,3,8,5,3,100,86,66,1037,1034,1028,26,12,10,21,14,,0.00,3,,220
2015-12-10,8,6,3,4,2,1,93,82,59,1036,1031,1025,31,11,9,29,19,,0.00,5,,195
2015-12-11,9,7,4,8,5,2,100,91,71,1025,1022,1020,31,10,3,34,23,,2.03,7,Rain-Snow,216
2015-12-12,12,7,3,9,6,2,100,89,71,1024,1020,1014,31,10,5,43,16,63,0.00,7,Rain,213
2015-12-13,8,7,7,9,7,6,100,93,71,1022,1019,1014,21,8,0,43,19,58,1.02,7,Fog-Rain,221
2015-12-14,9,6,3,8,6,3,100,92,71,1022,1019,1018,18,6,0,19,8,,0.00,6,Fog,157
2015-12-15,10,7,3,8,6,3,100,91,75,1023,1021,1019,13,8,0,14,5,,0.25,7,Fog-Rain,155
2015-12-16,13,11,9,12,11,8,100,96,77,1024,1021,1020,19,7,2,24,16,39,3.05,7,Rain,206
2015-12-17,16,14,12,12,12,10,94,86,61,1024,1021,1017,31,12,10,21,18,,0.00,7,Rain,205
2015-12-18,13,12,11,11,9,8,94,82,66,1022,1020,1018,31,13,5,24,18,,0.00,8,Rain,218
2015-12-19,14,12,11,12,10,9,94,86,71,1022,1019,1015,31,11,8,23,16,,0.00,7,,189
2015-12-20,13,11,9,9,8,7,88,75,62,1017,1015,1013,31,14,10,24,14,,0.51,7,Rain,187
2015-12-21,12,11,9,10,8,6,94,83,59,1021,1018,1016,31,11,5,47,24,64,0.25,7,Rain,214
2015-12-22,14,12,10,11,10,7,100,83,56,1022,1019,1016,14,10,6,37,26,61,0.00,7,Rain,211
2015-12-23,12,9,7,10,8,6,94,79,54,1027,1021,1016,31,11,5,35,26,52,0.00,6,Rain,217
2015-12-24,14,10,6,10,7,5,100,84,56,1025,1019,1015,31,11,6,32,18,,4.06,7,Rain,191
2015-12-25,13,10,7,11,8,5,100,88,73,1026,1024,1022,31,11,3,29,16,,0.00,8,Rain-Snow,195
2015-12-26,14,12,11,10,9,7,82,77,66,1024,1023,1022,31,11,10,40,27,55,0.00,5,,215
2015-12-27,13,11,9,9,8,6,82,75,62,1029,1024,1022,31,13,10,29,21,,0.00,7,,209
2015-12-28,11,8,5,7,5,3,93,80,57,1029,1025,1021,31,13,10,14,10,,0.00,4,,132
2015-12-29,11,7,4,7,5,2,93,82,66,1029,1024,1020,31,13,10,19,11,,0.00,6,,172
2015-12-30,9,7,5,6,4,4,93,81,64,1029,1022,1013,31,13,10,23,14,,0.00,6,,149
2015-12-31,11,8,5,7,4,3,93,79,56,1022,1017,1012,31,13,6,29,19,42,0.00,6,Rain,187
