EST,Max TemperatureC,Mean TemperatureC,Min TemperatureC,Dew PointC,MeanDew PointC,Min DewpointC,Max Humidity, Mean Humidity, Min Humidity, Max Sea Level PressurehPa, Mean Sea Level PressurehPa, Min Sea Level PressurehPa, Max VisibilityKm, Mean VisibilityKm, Min VisibilitykM, Max Wind SpeedKm/h, Mean Wind SpeedKm/h, Max Gust SpeedKm/h,Precipitationmm, CloudCover, Events,WindDirDegrees
2015-1-1,-1,-7,-12,-11,-14,-16,88,52,32,1020,1016,1013,16,16,16,27,10,40,0.00,0,,218
2015-1-2,4,1,-2,-8,-10,-12,56,48,38,1032,1022,1015,16,16,16,26,14,45,0.00,4,,257
2015-1-3,1,-3,-8,1,-7,-14,100,78,43,1040,1033,1024,16,9,1,16,8,,16.51,5,Fog-Rain-Snow,71
2015-1-4,9,4,1,8,3,0,100,98,76,1022,1009,1001,16,7,0,24,8,52,14.22,8,Fog-Rain,254
2015-1-5,6,-2,-10,1,-13,-21,71,44,28,1027,1016,1005,16,16,16,42,31,72,0.00,2,,278
2015-1-6,-9,-12,-16,-12,-14,-21,92,72,43,1030,1023,1017,16,10,2,14,10,,0.00,6,Snow,247
2015-1-7,-5,-11,-17,-12,-17,-26,91,63,31,1021,1014,1009,16,15,3,37,13,69,0.00,3,Snow,271
2015-1-8,-8,-14,-21,-16,-23,-28,62,49,40,1029,1026,1022,16,16,16,27,18,39,0.00,0,,246
2015-1-9,-2,-7,-12,-7,-11,-16,89,67,47,1022,1016,1012,16,12,1,24,18,47,0.51,3,Fog-Snow,233
2015-1-10,-6,-12,-17,-14,-17,-19,91,62,36,1034,1029,1022,16,16,16,24,8,35,0.00,0,,249
2015-1-11,-2,-9,-15,-8,-16,-19,70,55,41,1040,1036,1033,16,16,16,19,10,,0.00,5,,218
2015-1-12,2,0,-2,1,-1,-9,100,88,46,1033,1023,1019,16,9,1,21,8,,2.29,8,Rain-Snow,241
2015-1-13,0,-7,-13,-4,-16,-21,73,53,35,1040,1035,1024,16,16,16,27,18,42,0.00,1,,331
2015-1-14,-6,-10,-14,-7,-14,-20,92,73,56,1038,1031,1024,16,14,6,11,6,,0.00,7,,320
2015-1-15,-2,-4,-7,-3,-6,-11,96,86,71,1023,1016,1010,16,10,1,14,8,,0.25,7,Snow,301
2015-1-16,3,-4,-11,-6,-13,-21,74,55,34,1021,1011,1006,16,16,16,42,16,61,0.25,3,Rain,265
2015-1-17,-6,-10,-14,-14,-21,-25,59,42,22,1030,1027,1022,16,16,16,19,13,,0.00,0,,249
2015-1-18,10,1,-7,9,-1,-13,100,86,65,1025,1014,1000,16,11,2,29,8,48,7.62,7,Rain,159
2015-1-19,6,2,-2,2,-3,-7,100,73,60,1008,1005,1000,16,16,16,32,14,42,0.00,3,Rain,253
2015-1-20,2,-1,-5,-7,-11,-15,69,49,29,1017,1011,1008,16,16,16,27,18,37,0.00,2,,272
2015-1-21,0,-6,-11,-6,-11,-16,81,61,32,1024,1022,1017,16,16,16,14,6,,0.00,3,,331
2015-1-22,2,-2,-5,-6,-7,-8,81,70,52,1025,1023,1021,16,16,16,11,5,,0.00,5,,311
2015-1-23,2,-3,-8,-8,-9,-12,78,62,44,1027,1022,1014,16,16,16,19,10,,0.00,0,,241
2015-1-24,0,-1,-2,-1,-2,-7,100,92,69,1014,1000,988,16,5,0,21,10,,13.97,7,Fog-Rain-Snow,345
2015-1-25,2,-3,-9,-3,-9,-16,89,62,34,1019,1006,994,16,16,16,26,14,42,0.00,2,,278
2015-1-26,-6,-10,-14,-8,-12,-20,92,76,56,1023,1018,1011,16,9,1,37,16,50,0.25,6,Snow,13
2015-1-27,-8,-9,-11,-10,-12,-15,92,84,71,1010,1003,999,16,2,0,39,29,60,1.78,8,Fog-Snow,343
2015-1-28,-5,-10,-17,-13,-16,-19,80,62,48,1026,1016,1007,16,15,8,27,18,37,0.00,3,Snow,307
2015-1-29,-1,-12,-24,-7,-14,-26,95,72,35,1029,1024,1017,16,16,11,13,2,,0.00,2,,140
2015-1-30,0,-4,-8,-2,-4,-14,96,87,62,1017,1010,1006,16,9,1,40,10,52,0.51,8,Snow,287
2015-1-31,-7,-10,-13,-16,-19,-23,67,51,33,1019,1013,1008,16,13,3,45,32,63,0.00,5,Snow,304
2015-2-1,-2,-11,-19,-12,-18,-23,78,48,30,1023,1021,1019,16,16,16,26,13,,0.00,1,,288
2015-2-2,-9,-11,-13,-13,-14,-21,92,84,39,1021,1006,997,16,3,0,32,14,47,13.21,7,Fog-Snow,2
2015-2-3,-6,-12,-19,-17,-19,-21,88,62,34,1028,1022,1010,16,16,16,26,16,42,0.00,0,,272
2015-2-4,3,-8,-19,-1,-10,-22,88,72,54,1028,1022,1013,16,16,10,23,6,,0.00,7,Snow,202
2015-2-5,1,-7,-16,0,-6,-23,100,83,45,1022,1013,1009,16,10,1,32,10,48,0.00,6,Fog-Rain-Snow,301
2015-2-6,-7,-14,-22,-16,-19,-24,83,60,46,1023,1021,1018,16,16,16,19,11,,0.00,2,,245
2015-2-7,-3,-7,-11,-4,-9,-17,96,74,58,1021,1019,1016,16,12,1,16,11,,0.00,7,Snow,221
2015-2-8,-4,-8,-12,-4,-9,-14,100,89,80,1021,1018,1016,16,4,1,26,10,35,2.03,8,Fog-Snow,17
2015-2-9,-9,-11,-12,-12,-13,-14,92,83,80,1023,1021,1019,13,3,0,26,19,35,0.00,8,Fog-Snow,10
2015-2-10,-1,-6,-11,-7,-10,-13,85,78,61,1022,1021,1019,16,14,3,21,14,32,0.00,6,Snow,4
2015-2-11,-6,-11,-16,-12,-14,-18,87,66,39,1022,1020,1015,16,13,3,29,18,45,0.00,4,Snow,25
2015-2-12,-4,-11,-17,-6,-11,-18,96,83,62,1015,1009,1005,16,9,2,23,3,29,0.00,7,Snow,325
2015-2-13,-8,-12,-16,-14,-22,-26,68,48,32,1021,1016,1009,16,15,8,37,23,61,0.00,1,Snow,291
2015-2-14,-6,-14,-23,-7,-13,-27,96,79,47,1021,1008,999,16,7,1,23,8,,0.00,6,Fog-Snow,56
2015-2-15,-7,-13,-20,-9,-16,-27,93,71,46,1012,1002,993,16,5,0,47,27,69,0.00,4,Fog-Snow,320
2015-2-16,-8,-14,-21,-22,-26,-28,57,43,30,1019,1015,1010,16,14,3,45,31,63,0.00,0,Snow,287
2015-2-17,-6,-11,-15,-11,-16,-23,81,62,44,1019,1015,1011,16,14,3,13,6,,0.00,7,Snow,331
2015-2-18,-2,-8,-13,-6,-10,-17,96,77,41,1015,1010,1005,16,12,1,14,3,,0.00,8,Snow,285
2015-2-19,-4,-9,-14,-6,-11,-22,100,80,50,1008,1003,1000,16,8,0,34,8,50,0.00,7,Fog-Snow,249
2015-2-20,-8,-12,-16,-21,-23,-24,53,45,30,1032,1019,1008,16,16,14,35,21,50,0.00,2,,270
2015-2-21,0,-11,-23,-1,-8,-26,100,82,46,1035,1027,1021,16,7,1,29,13,45,0.00,6,Snow,201
2015-2-22,3,-2,-6,-1,-3,-6,100,88,65,1023,1021,1019,16,13,1,11,6,,0.00,5,Fog-Snow,242
2015-2-23,-2,-9,-17,-6,-19,-27,88,43,27,1028,1023,1020,16,16,16,32,18,50,0.00,1,,300
2015-2-24,-8,-17,-25,-12,-22,-29,80,58,35,1028,1022,1013,16,16,8,21,8,39,0.00,2,Snow,194
2015-2-25,1,-8,-16,-11,-14,-18,96,59,32,1017,1010,1005,16,14,2,29,10,47,0.00,3,Snow,285
2015-2-26,-6,-8,-9,-11,-14,-17,74,61,48,1021,1018,1014,16,14,3,19,10,27,0.00,6,Snow,2
2015-2-27,-4,-10,-16,-18,-21,-22,76,47,26,1036,1029,1022,16,16,16,16,8,,0.00,1,,290
2015-2-28,-2,-11,-20,-18,-19,-23,79,49,26,1043,1040,1036,16,16,16,14,6,,0.00,0,,256
2015-3-1,-3,-11,-19,-4,-9,-22,96,83,37,1041,1030,1019,16,8,1,24,6,32,0.51,6,Snow,191
2015-3-2,1,-2,-5,-4,-8,-15,96,67,40,1025,1018,1015,16,14,3,39,14,55,0.00,6,Snow,279
2015-3-3,-2,-8,-14,-3,-11,-19,96,68,29,1031,1021,1010,16,9,1,29,13,45,6.35,4,Rain-Snow,197
2015-3-4,6,2,-2,1,-1,-3,96,77,55,1012,1008,1004,16,16,11,24,13,42,0.76,4,Rain,238
2015-3-5,3,-2,-9,-3,-13,-21,67,45,34,1028,1020,1012,16,16,6,27,18,40,0.00,6,Snow,318
2015-3-6,-4,-10,-16,-14,-21,-24,60,39,22,1035,1031,1027,16,16,16,23,13,35,0.00,0,,245
2015-3-7,3,-4,-12,-8,-13,-16,73,51,27,1027,1021,1016,16,16,16,24,11,35,0.00,1,,226
2015-3-8,5,-2,-8,-3,-8,-12,86,62,36,1021,1018,1015,16,15,4,37,6,53,0.00,4,Rain-Snow,263
2015-3-9,7,0,-7,-6,-8,-12,81,54,34,1025,1021,1019,16,16,16,32,8,50,0.00,1,,250
2015-3-10,10,1,-7,4,-4,-11,100,64,27,1028,1024,1016,16,15,8,21,8,,0.76,3,Rain,200
2015-3-11,13,7,2,4,2,-4,100,79,34,1015,1012,1009,16,8,0,35,8,50,0.25,3,Fog-Rain,253
2015-3-12,4,0,-4,-3,-12,-18,60,40,26,1036,1027,1015,16,16,16,40,23,58,0.00,1,,314
2015-3-13,4,-3,-9,-8,-15,-18,59,38,22,1039,1035,1029,16,16,16,21,11,,0.00,3,,253
2015-3-14,2,0,-2,2,-1,-8,100,90,59,1029,1016,1004,16,9,3,16,10,,16.26,7,Rain,33
2015-3-15,4,1,-3,1,-1,-9,100,88,63,1013,1005,1001,16,13,1,37,16,52,1.52,7,Fog-Rain-Snow,303
2015-3-16,8,2,-4,-6,-11,-16,72,45,19,1015,1012,1009,16,16,16,24,14,40,0.00,1,,299
2015-3-17,9,3,-3,4,-3,-15,100,73,39,1008,1002,996,16,12,4,48,10,72,4.32,6,Rain,265
2015-3-18,-2,-4,-7,-12,-18,-21,58,36,27,1020,1013,1008,16,16,16,50,31,76,0.00,1,,305
2015-3-19,0,-4,-8,-17,-18,-19,41,35,25,1029,1024,1019,16,16,16,37,21,61,0.00,0,,300
2015-3-20,-1,-6,-11,-4,-9,-18,93,70,36,1030,1027,1023,16,10,2,11,3,,0.51,5,Snow,213
2015-3-21,5,0,-3,0,-3,-5,100,86,55,1023,1016,1009,16,10,1,21,2,35,1.52,7,Snow,85
2015-3-22,3,-2,-8,-6,-16,-21,54,38,25,1021,1015,1009,16,16,16,40,27,61,0.00,1,,298
2015-3-23,-1,-6,-9,-14,-18,-21,51,39,30,1025,1022,1019,16,16,16,34,19,50,0.00,0,,289
2015-3-24,4,-3,-10,-8,-13,-16,72,50,30,1029,1027,1025,16,16,16,16,6,,0.00,0,,292
2015-3-25,8,0,-8,1,-7,-11,92,62,25,1031,1028,1021,16,16,10,21,5,34,1.78,2,Rain,190
2015-3-26,10,6,2,8,5,1,100,95,76,1022,1011,1004,16,8,0,19,11,,10.16,8,Fog-Rain,241
2015-3-27,5,2,0,4,2,0,100,94,86,1009,1007,1005,16,14,2,11,6,,4.06,7,Rain,333
2015-3-28,2,0,-2,0,-1,-8,100,89,64,1018,1009,1007,16,5,1,29,13,39,1.02,8,Snow,351
2015-3-29,6,-1,-6,-11,-14,-18,56,37,18,1024,1021,1019,16,16,16,21,13,,0.00,2,,294
2015-3-30,6,2,-2,0,-4,-13,76,64,43,1019,1011,1007,16,16,16,23,13,37,0.00,5,Rain,210
2015-3-31,9,4,-1,-3,-6,-11,75,52,33,1010,1008,1007,16,16,16,24,13,35,0.00,2,,260
2015-4-1,8,2,-4,-11,-14,-18,55,32,17,1023,1016,1009,16,16,16,29,10,45,0.00,0,,322
2015-4-2,16,5,-6,-1,-7,-12,85,47,24,1025,1020,1012,16,16,16,29,8,48,0.00,3,,209
2015-4-3,17,13,9,8,6,2,93,68,52,1011,1009,1005,16,16,11,27,18,42,0.00,5,Rain,220
2015-4-4,11,6,1,9,3,-11,100,80,31,1020,1002,995,16,9,0,47,10,74,8.64,6,Fog-Rain,300
2015-4-5,9,3,-2,-3,-8,-17,75,49,16,1026,1021,1020,16,16,16,35,14,53,0.00,2,,244
2015-4-6,10,4,-1,1,-2,-7,89,67,36,1030,1027,1024,16,16,16,21,6,,0.00,5,,89
2015-4-7,6,4,1,1,1,-1,92,82,70,1030,1027,1023,16,16,14,21,10,,0.00,8,Rain,29
2015-4-8,7,2,-1,0,-2,-7,96,83,45,1034,1031,1028,16,13,8,26,10,37,5.59,5,Rain,50
2015-4-9,3,1,0,2,1,-1,97,94,87,1031,1029,1026,16,6,2,23,16,37,2.03,8,Rain-Snow,55
2015-4-10,13,7,2,11,5,1,100,96,87,1025,1015,1004,16,8,2,19,10,27,2.29,7,Rain,182
2015-4-11,14,9,4,9,-1,-4,89,50,29,1021,1012,1007,16,16,16,37,19,55,0.00,1,,270
2015-4-12,20,9,-3,0,-3,-5,85,44,19,1027,1024,1021,16,16,16,23,10,34,0.00,0,,263
2015-4-13,22,11,1,3,-1,-7,92,49,15,1029,1025,1021,16,16,16,32,8,45,0.00,0,,211
2015-4-14,19,14,7,11,4,-3,90,55,27,1022,1020,1017,16,16,10,35,18,47,0.76,2,Rain,254
2015-4-15,19,10,1,2,-5,-10,92,41,14,1030,1022,1019,16,16,16,32,8,48,0.00,0,,332
2015-4-16,18,7,-2,-2,-7,-11,82,37,16,1033,1030,1025,16,16,16,29,10,32,0.00,0,,186
2015-4-17,18,13,8,11,8,-6,93,74,36,1025,1016,1011,16,16,8,26,14,35,1.02,5,Rain,233
2015-4-18,21,11,3,7,4,3,100,78,39,1020,1014,1010,16,11,0,29,6,50,0.00,1,Fog,58
2015-4-19,13,8,4,2,0,-1,86,57,41,1026,1024,1020,16,16,16,24,13,29,0.00,0,,85
2015-4-20,11,7,4,11,6,1,100,92,76,1025,1015,1006,16,9,2,34,16,45,13.97,7,Rain,85
2015-4-21,18,12,6,13,9,3,100,86,39,1008,1003,1000,16,9,0,29,8,35,7.37,7,Fog-Rain,305
2015-4-22,21,11,2,7,2,-4,97,63,20,1010,1006,1000,16,15,3,39,11,58,0.00,3,Rain,201
2015-4-23,11,6,2,4,-3,-8,79,55,28,1007,1004,1000,16,16,16,34,23,50,0.00,5,,266
2015-4-24,9,4,0,-3,-5,-7,75,49,36,1010,1008,1007,16,16,16,29,18,52,0.00,6,,290
2015-4-25,13,6,-1,-2,-4,-6,67,47,31,1010,1008,1006,16,16,16,26,14,39,0.00,4,,305
2015-4-26,13,8,4,1,0,-1,73,54,40,1007,1005,1004,16,16,16,21,5,,0.00,7,,313
2015-4-27,14,10,7,4,2,0,71,59,41,1004,1003,1001,16,16,16,32,13,42,0.00,7,Rain,312
2015-4-28,17,11,6,5,1,-2,89,58,28,1009,1006,1003,16,16,10,32,18,45,1.78,4,Rain,345
2015-4-29,15,11,7,4,3,2,71,60,42,1010,1006,1003,16,16,16,23,10,,0.00,4,,69
2015-4-30,16,11,7,6,4,3,86,67,46,1015,1012,1010,16,16,16,23,8,32,0.00,8,,66
2015-5-1,13,8,3,4,3,1,86,70,54,1017,1016,1014,16,16,16,19,10,,0.00,6,,78
2015-5-2,17,9,0,4,2,-1,100,78,43,1018,1016,1014,16,12,0,19,3,,0.00,3,Fog,98
2015-5-3,23,14,6,7,4,-1,86,57,22,1021,1019,1016,16,16,16,23,6,,0.00,3,,173
2015-5-4,29,18,8,8,4,2,83,44,18,1023,1021,1018,16,16,16,34,14,47,0.00,0,,210
2015-5-5,26,18,11,15,10,4,93,59,36,1024,1022,1019,16,16,16,24,13,34,0.25,3,Rain,202
2015-5-6,24,17,9,9,3,-2,100,57,19,1027,1024,1022,16,13,3,26,5,,0.00,1,,201
2015-5-7,29,17,6,5,2,-2,82,36,14,1023,1021,1018,16,16,16,26,11,29,0.00,0,,230
2015-5-8,23,15,7,8,6,4,83,61,39,1028,1023,1018,16,16,16,24,11,35,0.00,2,,51
2015-5-9,26,16,7,15,9,5,96,77,50,1029,1027,1024,16,15,4,24,10,,0.00,5,,178
2015-5-10,31,24,17,17,16,14,93,69,35,1024,1021,1017,16,16,16,26,14,40,0.00,3,,219
2015-5-11,27,19,11,18,13,9,90,78,60,1021,1020,1019,16,16,16,27,13,37,0.00,5,,40
2015-5-12,29,18,11,18,14,9,89,69,44,1017,1010,1003,16,12,1,27,11,52,0.00,6,Rain,285
2015-5-13,19,17,14,7,4,0,57,45,31,1023,1015,1008,16,16,14,35,18,42,0.00,2,,297
2015-5-14,21,13,6,4,-1,-6,85,40,18,1027,1025,1024,16,16,16,21,6,29,0.00,0,,299
2015-5-15,22,12,3,7,2,-3,97,52,20,1027,1025,1022,16,16,16,16,3,,0.00,1,,207
2015-5-16,22,17,12,14,10,4,93,65,54,1023,1022,1019,16,16,16,19,10,,0.00,5,,186
2015-5-17,27,19,12,16,13,11,97,78,42,1024,1020,1018,16,14,3,26,6,,0.00,2,,87
2015-5-18,18,13,9,12,8,7,97,78,50,1027,1024,1021,16,14,3,21,14,34,0.00,5,,75
2015-5-19,21,16,12,17,14,9,97,88,78,1020,1012,1006,16,15,6,16,11,,2.79,7,Rain,203
2015-5-20,18,13,8,16,4,0,87,54,38,1014,1009,1007,16,16,16,39,19,50,0.00,2,,288
2015-5-21,19,11,3,4,1,-2,93,50,26,1016,1013,1010,16,16,16,24,10,34,0.00,3,,221
2015-5-22,24,17,10,7,1,-6,77,41,18,1019,1012,1009,16,16,16,32,13,50,0.00,4,Rain,275
2015-5-23,18,11,4,1,-4,-8,58,37,18,1028,1026,1020,16,16,16,32,18,39,0.00,0,,287
2015-5-24,28,18,8,8,3,-1,66,38,19,1026,1024,1021,16,16,16,24,16,37,0.00,0,,232
2015-5-25,28,19,12,14,11,9,83,56,40,1025,1023,1022,16,16,16,26,11,34,0.00,4,Rain,212
2015-5-26,30,24,18,17,15,12,73,59,43,1022,1021,1020,16,16,16,26,19,35,0.00,1,,218
2015-5-27,32,24,18,19,17,15,84,67,45,1022,1021,1018,16,16,16,32,18,52,0.00,1,,204
2015-5-28,31,23,16,19,17,14,90,73,46,1024,1020,1017,16,15,3,37,14,52,5.08,3,Rain-Thunderstorm,234
2015-5-29,26,19,13,16,14,12,100,74,54,1027,1025,1024,16,16,16,16,6,,0.00,2,,91
2015-5-30,31,21,12,18,16,12,97,67,41,1024,1021,1017,16,15,6,34,13,47,0.00,1,,211
2015-5-31,23,16,9,20,14,8,96,90,75,1026,1021,1016,16,12,2,34,18,42,24.13,7,Rain,54
2015-6-1,10,9,8,9,8,7,97,93,90,1026,1025,1023,16,9,3,27,16,35,19.05,8,Rain,46
2015-6-2,9,8,7,8,7,7,97,92,87,1025,1023,1021,16,12,3,23,14,,23.62,8,Rain,38
2015-6-3,17,12,7,9,7,6,96,79,58,1027,1024,1022,16,16,16,16,5,,0.00,6,,61
2015-6-4,19,13,9,8,7,6,90,70,48,1028,1026,1025,16,16,16,19,3,,0.00,5,,117
2015-6-5,22,14,8,11,9,7,93,71,52,1024,1019,1014,16,16,16,21,6,,0.00,1,,112
2015-6-6,23,17,11,13,11,4,94,73,53,1020,1014,1011,16,16,11,24,10,,0.25,4,Rain,49
2015-6-7,23,14,6,7,4,2,92,53,29,1024,1022,1020,16,16,16,23,6,,0.00,0,,152
2015-6-8,25,18,11,14,11,7,83,66,55,1021,1014,1010,16,16,16,34,19,55,0.00,3,,195
2015-6-9,26,21,17,19,17,14,100,79,65,1009,1005,1002,16,15,3,35,16,47,2.29,6,Rain,200
2015-6-10,28,21,14,15,13,9,93,63,32,1011,1010,1007,16,16,16,23,11,32,0.00,1,,244
2015-6-11,31,24,19,18,14,9,76,55,29,1014,1010,1008,16,16,10,32,16,48,0.00,2,,245
2015-6-12,30,21,14,19,13,10,87,58,38,1017,1014,1009,16,16,16,21,6,,0.00,1,,200
2015-6-13,29,23,17,19,14,9,84,61,29,1016,1012,1007,16,16,16,26,13,39,0.00,4,Rain,323
2015-6-14,26,19,14,14,10,4,93,57,29,1020,1019,1016,16,16,16,21,5,32,0.00,2,,113
2015-6-15,18,14,12,14,12,7,100,90,50,1021,1019,1017,16,8,3,23,11,,8.64,8,Rain,101
2015-6-16,23,18,13,20,17,13,100,91,78,1017,1012,1008,16,12,2,13,5,,0.00,5,Rain,286
2015-6-17,23,19,15,13,8,4,75,51,30,1023,1021,1019,16,16,16,21,11,,0.00,1,,211
2015-6-18,25,19,12,12,11,8,81,61,45,1021,1018,1014,16,16,16,19,10,27,0.00,3,,208
2015-6-19,29,23,14,18,13,8,84,65,39,1019,1013,1010,16,16,16,21,14,34,0.00,5,,279
2015-6-20,24,17,9,14,10,7,90,61,47,1022,1020,1016,16,16,16,27,6,34,0.00,4,Rain,154
2015-6-21,26,21,17,21,19,16,100,93,74,1014,1008,1003,16,10,1,16,10,37,46.48,7,Rain,108
2015-6-22,29,23,17,19,17,14,100,82,40,1016,1011,1006,16,9,0,16,6,,0.00,4,Fog,282
2015-6-23,31,23,17,23,19,16,96,77,61,1015,1010,1005,16,15,6,29,10,42,1.02,3,Rain,204
2015-6-24,28,22,16,16,13,9,86,59,33,1016,1013,1010,16,16,16,24,13,35,0.00,1,,289
2015-6-25,27,20,13,16,13,12,96,68,40,1018,1016,1014,16,16,16,19,5,,0.00,2,,260
2015-6-26,24,18,12,16,11,7,90,64,38,1020,1017,1015,16,16,16,16,6,,0.00,4,Rain,35
2015-6-27,23,17,10,14,11,9,96,73,43,1023,1021,1019,16,16,16,19,5,,2.03,4,Rain,116
2015-6-28,15,13,11,14,12,10,97,94,89,1019,1009,1006,16,6,2,39,23,52,27.69,8,Rain,37
2015-6-29,23,17,11,16,13,10,97,84,61,1014,1011,1008,16,15,4,16,5,,0.00,7,,218
2015-6-30,28,20,13,17,14,12,100,71,45,1017,1015,1014,16,15,4,19,6,,0.00,2,,180
2015-7-1,27,22,17,20,18,15,97,82,60,1014,1009,1005,16,13,3,32,13,47,14.73,6,Rain,182
2015-7-2,26,19,14,16,14,13,93,69,48,1013,1012,1010,16,16,16,16,11,32,0.00,1,,256
2015-7-3,26,19,13,15,11,7,93,62,32,1016,1015,1013,16,16,16,14,5,42,0.00,0,,304
2015-7-4,24,18,14,17,14,12,97,79,48,1017,1016,1015,16,15,4,48,3,66,0.51,4,Rain,311
2015-7-5,28,20,12,17,14,11,100,79,44,1021,1018,1015,16,12,2,14,3,,0.00,0,,254
2015-7-6,29,21,14,18,16,12,97,69,34,1022,1021,1020,16,14,3,13,2,,0.00,1,,211
2015-7-7,29,23,18,21,20,17,90,78,61,1021,1017,1013,16,16,16,29,11,42,0.00,5,,190
2015-7-8,31,24,18,22,19,13,93,73,50,1016,1013,1012,16,15,10,23,11,,0.00,3,Rain,261
2015-7-9,24,20,16,16,13,12,93,68,52,1018,1015,1012,16,16,6,16,8,,3.30,3,Rain,84
2015-7-10,27,22,17,18,16,13,96,82,41,1015,1013,1010,16,12,3,21,10,,18.54,6,Rain,11
2015-7-11,29,21,13,17,14,11,93,62,33,1018,1017,1016,16,16,16,14,6,,0.00,1,,281
2015-7-12,31,23,16,19,17,14,90,66,40,1016,1015,1013,16,16,16,14,6,,0.00,0,,240
2015-7-13,29,24,18,19,17,12,93,69,35,1015,1013,1011,16,16,10,23,6,,0.00,1,,98
2015-7-14,28,22,16,22,18,16,100,82,56,1011,1007,1003,16,14,0,21,5,34,0.51,5,Fog,154
2015-7-15,29,24,19,21,19,9,97,74,47,1013,1004,1001,16,16,16,24,8,32,0.00,6,,316
2015-7-16,24,18,13,12,10,8,90,60,37,1019,1017,1014,16,16,16,24,8,,0.00,1,,12
2015-7-17,26,18,11,16,12,9,96,66,40,1021,1019,1017,16,16,16,19,3,,0.00,2,,216
2015-7-18,24,21,18,20,18,16,94,85,73,1017,1014,1011,16,14,3,27,13,35,4.83,6,Rain,194
2015-7-19,31,26,21,23,22,20,94,80,51,1012,1009,1006,16,16,13,23,10,,0.25,3,Rain-Thunderstorm,213
2015-7-20,33,27,22,23,19,14,97,69,39,1007,1005,1004,16,13,3,24,6,32,0.00,2,,256
2015-7-21,31,24,18,19,17,16,90,66,44,1005,1003,1001,16,16,16,13,3,,0.00,3,Rain,231
2015-7-22,28,22,17,16,13,10,81,58,35,1010,1006,1002,16,16,16,24,13,32,0.00,3,,296
2015-7-23,27,21,14,14,13,11,90,62,38,1013,1011,1011,16,16,16,19,10,32,0.00,4,,291
2015-7-24,27,20,13,16,13,11,90,68,40,1015,1014,1013,16,16,16,19,6,26,0.00,3,Rain,280
2015-7-25,22,17,12,14,14,12,100,82,61,1019,1016,1014,16,14,2,19,5,,0.00,5,,66
2015-7-26,27,21,16,20,17,14,93,80,62,1018,1016,1014,16,16,13,16,8,,0.25,7,,181
2015-7-27,29,22,17,21,18,17,100,83,58,1017,1016,1014,16,11,0,24,5,32,2.03,3,Fog,214
2015-7-28,32,25,19,21,19,17,97,73,44,1016,1015,1014,16,16,13,14,6,,0.00,2,Rain,214
2015-7-29,34,25,17,21,18,17,97,71,38,1015,1014,1012,16,13,1,19,3,27,0.00,1,Fog,250
2015-7-30,32,26,20,23,21,18,93,78,54,1013,1010,1008,16,16,11,29,10,47,1.02,3,Rain,221
2015-7-31,31,24,17,21,16,10,93,62,31,1010,1009,1008,16,16,13,27,13,42,0.00,1,,252
2015-8-1,31,23,16,17,15,13,90,64,36,1011,1008,1007,16,16,16,21,6,37,0.00,2,Rain,237
2015-8-2,30,21,13,16,13,11,90,57,32,1013,1012,1011,16,16,16,19,10,29,0.00,1,,237
2015-8-3,32,26,19,19,17,14,93,62,35,1012,1010,1008,16,16,16,34,13,42,0.00,1,,206
2015-8-4,32,24,18,21,18,14,93,80,43,1013,1010,1008,16,13,1,42,11,69,19.81,4,Fog-Rain-Hail-Thunderstorm,238
2015-8-5,28,21,15,18,14,11,97,67,36,1013,1012,1010,16,16,6,23,8,39,0.00,2,,258
2015-8-6,27,20,13,14,12,9,87,63,35,1014,1013,1012,16,16,16,19,8,27,0.00,2,,276
2015-8-7,27,18,12,13,12,10,97,67,42,1016,1015,1014,16,16,16,21,5,,0.00,2,,87
2015-8-8,27,18,11,13,12,9,97,65,36,1018,1016,1015,16,16,16,16,5,,0.00,2,,71
2015-8-9,24,18,13,15,13,12,93,73,51,1019,1018,1017,16,16,16,24,8,34,0.00,4,,47
2015-8-10,30,21,12,16,14,11,97,67,37,1019,1017,1015,16,16,16,21,6,27,0.00,2,,206
2015-8-11,23,20,18,22,19,16,100,91,81,1017,1010,1007,16,13,3,23,13,35,12.70,8,Rain,171
2015-8-12,28,23,17,20,17,14,100,77,45,1013,1008,1006,16,15,3,19,6,,0.00,2,,259
2015-8-13,28,21,14,16,14,11,97,67,35,1020,1016,1013,16,16,16,14,5,,0.00,1,,289
2015-8-14,30,20,12,16,13,11,93,63,37,1022,1020,1019,16,16,16,19,5,,0.00,0,,219
2015-8-15,33,26,19,20,17,13,90,65,39,1020,1019,1016,16,16,13,16,6,,1.52,4,Rain-Thunderstorm,246
2015-8-16,32,24,18,19,18,17,97,72,43,1020,1019,1018,16,16,14,13,6,,0.00,1,Thunderstorm,265
2015-8-17,33,25,17,20,18,16,97,71,38,1020,1018,1016,16,15,1,16,3,,0.00,1,,259
2015-8-18,34,26,19,21,19,17,93,69,37,1017,1017,1015,16,15,10,29,5,32,0.00,2,,199
2015-8-19,32,26,20,20,19,17,93,71,42,1020,1019,1017,16,16,13,23,10,34,0.00,1,,203
2015-8-20,30,24,21,21,20,18,93,80,53,1020,1019,1017,16,16,14,24,10,34,0.00,5,,130
2015-8-21,31,26,22,23,21,19,96,86,53,1018,1017,1015,16,13,2,19,8,,23.11,7,Rain,114
2015-8-22,26,22,19,20,18,17,97,82,62,1020,1019,1018,16,16,8,19,6,,0.00,6,,26
2015-8-23,22,20,19,20,19,18,96,92,87,1019,1017,1014,16,7,2,16,10,,0.25,8,,10
2015-8-24,27,23,20,20,19,19,96,84,64,1015,1013,1011,16,14,2,13,6,,0.00,7,,104
2015-8-25,28,23,18,21,19,18,97,82,62,1013,1012,1010,16,16,3,21,8,,0.00,4,,157
2015-8-26,29,23,17,21,18,13,97,79,38,1015,1012,1010,16,12,1,21,8,,0.25,5,Fog-Rain,263
2015-8-27,27,20,13,14,12,11,90,64,39,1020,1016,1014,16,16,16,21,10,,0.00,2,,274
2015-8-28,27,19,11,14,12,10,97,69,36,1022,1021,1020,16,16,16,13,3,,0.00,2,,305
2015-8-29,27,19,11,14,12,10,93,69,38,1023,1021,1020,16,15,3,14,3,,0.00,1,,236
2015-8-30,31,23,17,17,16,13,90,65,38,1020,1018,1016,16,16,16,16,6,,0.00,3,,245
2015-8-31,31,24,17,18,17,16,93,64,40,1016,1014,1012,16,16,13,23,8,37,0.00,1,,262
2015-9-1,28,21,15,17,15,14,93,69,42,1019,1017,1016,16,15,5,21,5,,0.00,0,,99
2015-9-2,32,23,15,18,16,13,97,73,30,1018,1015,1012,16,12,1,16,5,27,0.00,0,Fog,246
2015-9-3,32,23,17,20,17,15,93,70,46,1015,1012,1011,16,14,8,13,3,,1.52,2,,46
2015-9-4,23,17,11,20,14,9,93,73,55,1026,1021,1014,16,14,3,23,11,34,8.89,5,Rain,51
2015-9-5,27,17,8,12,9,7,93,63,30,1028,1025,1023,16,16,16,19,2,,0.00,0,,122
2015-9-6,31,21,12,16,13,11,93,67,30,1024,1022,1020,16,15,3,14,5,,0.00,0,,204
2015-9-7,33,24,16,17,14,11,73,55,35,1020,1017,1014,16,16,16,21,13,27,0.00,0,,233
2015-9-8,35,28,21,19,18,17,81,62,34,1015,1014,1012,16,16,16,24,10,,0.00,2,,252
2015-9-9,34,27,21,21,18,16,87,63,35,1014,1012,1009,16,16,16,27,13,39,0.00,1,,214
2015-9-10,24,20,17,20,18,16,97,87,64,1013,1011,1009,16,13,2,24,8,,15.75,6,Rain,25
2015-9-11,24,19,14,16,15,13,96,86,59,1011,1008,1006,16,12,3,21,13,34,10.16,7,Rain,359
2015-9-12,25,19,12,16,14,11,100,88,42,1013,1010,1009,16,7,0,19,2,,0.00,5,Fog-Rain,98
2015-9-13,19,17,16,17,16,15,94,90,84,1010,1008,1006,16,13,2,26,13,37,3.56,7,Rain,87
2015-9-14,22,17,12,14,11,10,93,73,51,1020,1013,1007,16,16,16,27,14,45,0.00,3,,258
2015-9-15,28,19,11,14,12,9,89,64,38,1026,1024,1020,16,16,16,19,10,,0.00,0,,270
2015-9-16,29,20,12,16,14,11,93,71,41,1028,1026,1023,16,16,16,13,2,,0.00,0,,223
2015-9-17,31,22,13,16,14,12,97,68,32,1023,1020,1018,16,15,2,16,3,,0.00,0,,245
2015-9-18,30,20,12,16,13,10,100,77,30,1019,1017,1015,16,10,1,19,3,,0.00,0,Fog,219
2015-9-19,28,21,14,17,14,12,97,82,39,1017,1015,1012,16,9,0,23,6,,0.00,3,Fog,185
2015-9-20,23,17,11,18,12,6,90,65,40,1022,1016,1009,16,16,16,26,14,35,0.00,2,,310
2015-9-21,21,13,6,7,4,1,93,62,29,1027,1025,1022,16,16,16,26,8,32,0.00,1,,34
2015-9-22,22,14,8,12,9,7,96,74,45,1029,1027,1025,16,14,2,16,5,,0.00,2,,42
2015-9-23,24,14,6,11,7,3,97,79,26,1026,1025,1024,16,12,1,14,2,,0.00,2,Fog,53
2015-9-24,24,16,7,12,8,6,93,68,37,1030,1027,1024,16,16,16,19,5,26,0.00,0,,69
2015-9-25,20,13,7,9,8,5,96,73,47,1032,1031,1029,16,16,14,16,5,,0.00,3,,79
2015-9-26,18,11,4,8,4,1,93,69,35,1035,1033,1031,16,16,16,24,5,27,0.00,2,,52
2015-9-27,22,11,1,11,4,-1,93,70,23,1035,1032,1029,16,16,16,16,2,,0.00,1,,181
2015-9-28,27,17,7,17,10,6,97,80,40,1028,1025,1022,16,11,1,23,3,34,0.00,4,Fog,204
2015-9-29,29,23,17,20,18,17,100,82,53,1022,1018,1015,16,12,2,27,10,37,0.00,6,,188
2015-9-30,26,20,13,22,20,9,100,91,80,1016,1008,1003,16,9,1,37,16,48,69.09,8,Fog-Rain-Thunderstorm,160
2015-10-1,17,13,10,9,8,6,89,74,62,1026,1021,1016,16,16,16,29,16,34,1.78,5,Rain,16
2015-10-2,12,10,8,9,5,2,90,75,57,1029,1027,1024,16,16,16,23,16,37,3.30,6,Rain,22
2015-10-3,12,9,7,6,5,4,90,71,59,1033,1031,1029,16,16,8,39,21,48,1.02,8,Rain,42
2015-10-4,13,9,6,5,4,2,86,70,57,1032,1030,1027,16,16,16,27,16,42,0.00,6,,31
2015-10-5,16,11,4,8,6,3,97,76,53,1027,1023,1019,16,14,3,14,6,,0.00,4,,13
2015-10-6,21,11,3,8,5,2,93,77,43,1020,1017,1014,16,14,1,14,2,,0.00,0,,333
2015-10-7,21,12,4,11,8,3,93,75,45,1017,1015,1013,16,15,3,21,3,,0.00,1,,288
2015-10-8,18,12,7,9,5,2,93,70,40,1022,1021,1017,16,16,16,16,5,,0.00,1,,318
2015-10-9,21,14,7,16,12,6,93,83,58,1021,1012,1006,16,14,3,39,10,53,3.30,7,Rain,209
2015-10-10,15,9,3,13,4,-1,93,68,36,1020,1017,1009,16,16,16,26,18,45,0.00,1,,324
2015-10-11,20,12,5,8,6,3,92,68,37,1017,1013,1010,16,16,16,23,8,39,0.00,1,,217
2015-10-12,25,14,6,11,8,4,96,70,27,1012,1010,1008,16,15,2,14,6,,0.00,0,,200
2015-10-13,22,15,9,16,12,8,97,89,68,1007,1003,999,16,10,0,16,5,,0.76,5,Fog-Rain,225
2015-10-14,19,14,8,9,7,2,83,63,50,1010,1005,1002,16,16,16,23,13,35,0.00,1,,256
2015-10-15,16,9,2,4,3,1,93,67,39,1015,1014,1011,16,16,16,16,5,,0.00,1,,229
2015-10-16,16,9,3,7,4,1,89,69,41,1016,1013,1011,16,16,16,27,11,40,0.25,4,Rain,254
2015-10-17,13,7,1,3,-1,-6,96,67,31,1022,1017,1014,16,15,3,32,8,40,0.00,4,Rain,284
2015-10-18,8,2,-3,-2,-7,-10,78,54,31,1029,1025,1022,16,16,16,27,11,35,0.00,2,,307
2015-10-19,9,2,-4,-3,-8,-12,81,51,24,1032,1028,1023,16,16,16,21,10,,0.00,2,,254
2015-10-20,18,12,7,5,2,-2,66,51,38,1024,1021,1019,16,16,16,24,11,42,0.00,4,Rain,230
2015-10-21,16,13,9,11,8,6,93,80,66,1028,1026,1023,16,16,16,14,5,,1.02,6,Rain,84
2015-10-22,23,16,9,12,9,3,96,72,38,1026,1021,1015,16,14,3,24,6,45,0.00,5,,214
2015-10-23,12,7,1,3,-1,-4,75,56,42,1030,1024,1018,16,16,16,35,18,52,0.00,2,,314
2015-10-24,7,2,-3,3,-1,-5,92,74,63,1032,1030,1025,16,16,16,13,3,,0.00,6,,63
2015-10-25,17,11,7,12,8,2,93,78,62,1024,1019,1015,16,16,10,23,11,35,1.78,5,Rain,239
2015-10-26,13,6,-2,1,-2,-3,92,64,34,1035,1030,1025,16,16,16,21,8,,0.00,0,,319
2015-10-27,13,4,-4,0,-2,-6,96,70,34,1038,1036,1034,16,16,16,10,2,,0.00,2,,240
2015-10-28,18,8,-1,17,7,-2,97,86,64,1036,1025,1009,16,11,3,35,13,55,18.29,6,Rain,115
2015-10-29,24,18,12,19,11,-2,94,63,32,1007,1001,998,16,13,3,35,24,55,12.95,6,Rain,204
2015-10-30,16,9,3,2,-1,-3,62,50,31,1020,1011,1005,16,16,16,32,14,39,0.00,0,,284
2015-10-31,12,4,-3,2,-3,-4,89,59,31,1025,1022,1019,16,16,16,13,5,,0.00,1,,214
2015-11-1,16,11,7,10,7,3,90,77,64,1019,1013,1009,16,16,16,26,11,39,0.25,4,Rain,198
2015-11-2,18,11,3,7,4,2,97,70,41,1021,1018,1015,16,16,16,14,8,,0.00,1,,254
2015-11-3,22,12,2,7,4,1,97,72,34,1026,1022,1019,16,16,14,21,5,39,0.00,0,,238
2015-11-4,19,11,3,8,6,2,97,74,38,1030,1028,1026,16,16,6,13,2,,0.00,0,,166
2015-11-5,23,14,7,16,11,7,100,85,53,1026,1023,1019,16,12,0,21,11,,0.00,4,Fog,218
2015-11-6,23,19,16,16,15,8,96,77,48,1019,1013,1007,16,16,16,37,16,52,0.00,3,,222
2015-11-7,17,13,8,7,3,0,64,51,39,1018,1015,1011,16,16,16,39,18,53,0.00,2,,277
2015-11-8,13,8,1,1,-2,-5,79,55,31,1030,1026,1019,16,16,16,26,13,37,0.00,0,,274
2015-11-9,15,6,-3,1,-2,-4,92,67,33,1032,1030,1028,16,16,16,21,5,,0.00,0,,238
2015-11-10,11,6,0,8,3,-2,97,80,50,1027,1021,1012,16,16,16,14,5,,1.52,5,Rain,26
2015-11-11,9,8,7,8,7,6,100,94,89,1016,1011,1009,16,8,2,27,18,40,5.33,8,Rain,7
2015-11-12,12,9,7,12,8,6,100,96,86,1016,1007,997,16,8,2,23,8,29,2.54,8,Rain,157
2015-11-13,14,10,6,9,3,-1,86,64,49,1004,1001,998,16,16,16,27,16,47,0.25,3,,252
2015-11-14,7,4,1,-1,-4,-8,67,54,40,1022,1014,1004,16,16,16,40,23,60,0.00,3,,277
2015-11-15,11,4,-2,1,-2,-5,86,66,43,1024,1021,1019,16,16,16,24,10,35,0.00,2,,243
2015-11-16,16,8,0,4,-3,-9,93,58,21,1031,1024,1020,16,16,16,27,6,40,0.00,1,,332
2015-11-17,8,1,-6,-4,-6,-7,92,65,35,1037,1035,1031,16,16,16,11,3,,0.00,0,,334
2015-11-18,10,1,-8,2,-2,-9,96,77,38,1038,1035,1031,16,16,16,14,3,,0.00,1,,141
2015-11-19,13,9,5,11,7,3,89,79,69,1032,1025,1017,16,16,8,23,13,32,1.02,8,Rain,137
2015-11-20,15,10,5,14,7,-4,97,75,35,1023,1017,1013,16,13,3,29,16,40,22.61,5,Rain,268
2015-11-21,9,3,-2,-2,-4,-6,93,67,37,1028,1023,1017,16,16,16,19,6,26,0.00,1,,35
2015-11-22,6,2,-2,5,2,-3,96,91,85,1017,1014,1010,16,13,4,21,3,,3.05,8,Rain,324
2015-11-23,4,0,-4,2,-10,-17,93,46,27,1022,1015,1011,16,16,16,34,16,47,0.00,1,,311
2015-11-24,6,-1,-7,-7,-9,-13,88,58,34,1035,1028,1023,16,16,16,21,8,26,0.00,0,,248
2015-11-25,8,0,-7,-2,-6,-9,92,74,40,1047,1043,1035,16,16,16,14,2,,0.00,0,,133
2015-11-26,14,6,-2,8,3,-4,100,82,47,1047,1043,1037,16,16,16,26,6,37,0.00,4,,186
2015-11-27,19,13,8,11,9,8,97,79,50,1037,1030,1021,16,16,16,27,16,45,0.00,3,,212
2015-11-28,13,8,2,9,6,0,100,90,67,1024,1022,1021,16,13,3,16,10,,7.87,7,Rain,6
2015-11-29,6,1,-4,-1,-4,-9,100,81,41,1032,1025,1023,16,11,0,16,6,,0.00,1,Fog,322
2015-11-30,3,-1,-5,-4,-7,-9,88,67,50,1035,1033,1030,16,16,16,14,10,,0.00,5,,38
2015-12-1,2,-2,-6,2,-1,-7,100,93,82,1030,1024,1016,16,11,2,10,2,,3.30,6,Rain,346
2015-12-2,8,4,2,8,4,2,100,98,93,1017,1011,1002,16,5,1,13,5,,4.06,8,Fog-Rain,275
2015-12-3,8,6,3,8,3,-4,100,86,49,1020,1005,1000,16,9,0,37,8,58,0.00,4,Fog-Rain,262
2015-12-4,8,3,-2,-1,-2,-5,88,68,47,1035,1029,1021,16,16,16,23,11,29,0.00,2,,266
2015-12-5,11,4,-3,1,-2,-4,96,78,47,1039,1037,1035,16,16,16,13,6,,0.00,0,,267
2015-12-6,13,4,-5,1,-3,-6,96,72,34,1036,1030,1024,16,15,4,16,3,,0.00,0,,224
2015-12-7,14,6,-3,1,-2,-4,96,68,30,1023,1020,1017,16,16,10,14,5,,0.00,1,,299
2015-12-8,4,2,1,0,-1,-3,82,73,67,1023,1021,1019,16,16,16,19,11,,0.00,8,,13
2015-12-9,7,4,1,4,1,-2,85,76,63,1024,1022,1019,16,16,16,16,5,,0.00,7,,165
2015-12-10,14,8,3,8,6,3,100,90,67,1019,1015,1013,16,12,1,16,6,,0.00,4,Fog,179
2015-12-11,13,7,2,9,6,2,100,95,77,1015,1013,1011,16,7,0,16,3,,0.00,4,Fog,215
2015-12-12,16,10,4,6,3,2,97,70,41,1022,1020,1014,16,16,13,14,5,32,0.00,2,,257
2015-12-13,11,9,7,6,4,3,83,73,59,1025,1023,1020,16,16,16,16,5,,0.00,8,,91
2015-12-14,11,9,7,10,7,4,100,92,76,1022,1010,998,16,7,1,13,5,,9.91,8,Fog-Rain,108
2015-12-15,14,11,7,11,6,1,100,78,49,1010,998,991,16,13,4,42,14,61,5.59,5,Rain,289
2015-12-16,7,3,-1,1,-2,-3,88,67,49,1025,1020,1012,16,16,16,16,11,,0.00,4,,27
2015-12-17,10,7,4,9,5,-1,100,89,70,1022,1014,1003,16,10,2,21,11,,14.22,8,Rain,120
2015-12-18,9,6,3,8,4,-6,100,87,53,1007,1004,1003,16,14,1,26,10,35,0.25,7,Rain,294
2015-12-19,4,1,-1,-5,-10,-13,66,45,33,1021,1014,1007,16,16,16,35,18,52,0.00,3,,265
2015-12-20,5,1,-3,-6,-8,-11,78,54,36,1033,1029,1022,16,16,16,23,11,,0.00,2,,255
2015-12-21,10,4,-2,3,-2,-7,76,56,43,1030,1023,1018,16,16,16,35,14,50,0.00,3,,212
2015-12-22,14,11,8,13,10,4,100,90,66,1019,1015,1010,16,11,3,24,11,,7.62,6,Rain,203
2015-12-23,12,7,2,11,6,2,100,97,86,1026,1022,1016,16,5,0,21,5,,16.26,4,Fog-Rain,117
2015-12-24,21,14,9,17,12,8,100,94,78,1021,1014,1010,16,9,0,26,6,40,5.59,6,Fog-Rain,250
2015-12-25,17,10,3,9,6,0,100,91,45,1026,1020,1019,16,6,0,11,2,,0.00,3,Fog,238
2015-12-26,11,6,2,2,-1,-5,85,58,35,1035,1032,1027,16,16,16,19,10,,0.00,4,,66
2015-12-27,8,6,2,7,6,-3,100,94,70,1027,1014,1007,16,7,2,29,8,45,8.38,8,Rain,351
2015-12-28,1,-1,-3,-4,-11,-17,85,51,31,1039,1032,1020,16,16,16,26,14,40,0.00,4,,357
2015-12-29,2,-1,-4,1,-3,-10,100,93,58,1037,1024,1016,16,5,0,24,14,39,29.21,8,Fog-Rain-Snow,34
2015-12-30,-1,-3,-5,-1,-3,-7,100,95,88,1031,1026,1019,16,8,0,13,8,,1.27,8,Fog-Rain,351
2015-12-31,7,3,-1,3,-1,-3,100,88,65,1020,1016,1014,16,8,1,19,3,,1.78,7,Rain,272