CET,Max TemperatureC,Mean TemperatureC,Min TemperatureC,Dew PointC,MeanDew PointC,Min DewpointC,Max Humidity, Mean Humidity, Min Humidity, Max Sea Level PressurehPa, Mean Sea Level PressurehPa, Min Sea Level PressurehPa, Max VisibilityKm, Mean VisibilityKm, Min VisibilitykM, Max Wind SpeedKm/h, Mean Wind SpeedKm/h, Max Gust SpeedKm/h,Precipitationmm, CloudCover, Events,WindDirDegrees
2015-1-1,5,3,2,2,1,-1,93,80,67,1034,1030,1022,18,10,3,39,23,,0.25,6,,203
2015-1-2,11,7,3,10,3,0,100,75,52,1032,1025,1019,19,11,5,42,34,63,0.25,6,Rain,259
2015-1-3,6,4,3,5,2,1,100,86,61,1032,1023,1017,19,10,3,27,16,,3.05,7,Rain,235
2015-1-4,7,4,1,4,1,-1,100,84,70,1036,1032,1026,27,12,9,19,13,,0.51,4,Rain,274
2015-1-5,4,2,0,2,2,1,100,89,80,1035,1031,1026,14,8,3,19,14,,0.00,8,,197
2015-1-6,7,3,0,6,2,-2,100,89,79,1027,1022,1019,21,9,2,24,14,,0.51,8,Rain,191
2015-1-7,7,4,1,4,3,1,100,85,69,1027,1025,1022,27,13,7,32,16,,1.02,7,Rain,215
2015-1-8,8,6,3,8,6,3,100,91,82,1025,1020,1016,27,10,3,35,27,48,16.00,7,Rain,230
2015-1-9,12,9,6,11,8,4,100,86,60,1024,1016,1011,23,11,3,58,35,93,7.87,7,Rain-Hail,228
2015-1-10,12,9,5,11,6,-2,94,78,47,1016,1011,1006,23,11,5,61,45,90,2.03,6,Rain,253
2015-1-11,8,7,5,4,2,-1,81,68,57,1021,1017,1013,19,12,10,42,32,66,0.00,6,Rain,265
2015-1-12,9,8,7,9,6,4,100,84,64,1019,1012,1007,29,11,2,48,35,80,1.02,8,Rain,219
2015-1-13,10,8,5,9,7,3,100,87,62,1007,1003,1001,31,10,3,45,34,61,2.03,7,Rain,219
2015-1-14,6,4,3,3,2,-1,87,77,56,1010,1006,1002,31,13,10,40,27,63,0.76,6,Rain,217
2015-1-15,10,7,4,7,5,2,93,79,62,1005,995,992,31,12,6,47,34,77,6.10,7,Rain,203
2015-1-16,7,5,3,4,2,1,93,79,63,1008,1003,997,27,13,4,48,29,69,4.06,5,Rain,217
2015-1-17,6,2,-2,1,-1,-3,93,77,56,1014,1012,1009,31,14,10,32,14,40,0.25,5,Rain,220
2015-1-18,3,2,2,2,2,1,100,91,76,1013,1011,1010,14,8,2,32,16,,3.05,7,Rain,207
2015-1-19,2,1,0,2,1,0,100,98,93,1013,1012,1011,5,1,0,11,5,,0.00,7,Fog,119
2015-1-20,3,1,0,1,1,0,100,91,77,1013,1012,1011,7,4,0,14,8,,0.00,7,Fog-Rain,165
2015-1-21,1,-1,-2,0,-3,-4,93,79,64,1015,1012,1010,11,9,5,19,11,,0.00,8,,107
2015-1-22,1,-1,-3,-2,-3,-5,93,84,70,1024,1019,1015,8,6,3,21,11,,0.00,8,,44
2015-1-23,-1,-3,-5,-1,-3,-6,100,91,83,1027,1025,1023,6,3,0,27,6,,0.00,8,Fog-Rain-Snow,141
2015-1-24,7,2,-3,3,1,-2,100,83,60,1028,1021,1016,19,9,2,34,23,50,1.02,5,Rain-Snow,271
2015-1-25,7,3,0,4,3,-1,100,87,73,1030,1028,1025,14,10,7,21,11,,0.00,6,Rain,238
2015-1-26,8,7,5,8,5,2,100,86,66,1025,1020,1017,23,9,2,32,19,47,2.03,7,Rain,268
2015-1-27,8,4,2,5,3,0,93,83,69,1024,1023,1020,19,11,8,26,14,,0.00,6,,278
2015-1-28,7,4,2,6,3,-2,100,81,49,1020,1005,994,26,10,3,45,27,71,7.87,7,Rain,231
2015-1-29,6,3,0,2,0,-2,100,74,52,996,983,972,31,12,0,37,27,60,3.05,5,Rain-Snow-Thunderstorm,247
2015-1-30,4,2,-1,2,1,-1,100,87,69,978,976,972,31,11,2,24,14,,0.51,5,Rain-Snow,239
2015-1-31,5,2,-1,2,1,-2,100,87,74,986,981,977,31,12,6,26,11,,1.02,6,Rain,231
2015-2-1,6,2,-1,3,2,0,100,87,73,998,990,985,27,11,3,26,13,45,3.05,6,Rain-Snow,305
2015-2-2,6,3,1,2,1,-1,93,84,63,1002,1000,998,31,14,6,27,18,35,3.05,5,Rain-Snow,283
2015-2-3,6,2,-2,3,0,-3,100,87,67,1011,1005,1001,31,13,5,21,8,,0.51,5,Rain,308
2015-2-4,5,1,-4,2,-1,-4,100,89,66,1021,1015,1011,31,12,2,21,6,,1.02,4,Rain,331
2015-2-5,2,-2,-5,-1,-3,-5,100,85,64,1029,1024,1020,31,11,0,29,10,,0.51,6,Fog-Rain-Snow,42
2015-2-6,2,0,-2,-3,-4,-4,93,75,53,1033,1030,1028,26,11,7,29,21,,0.00,6,,44
2015-2-7,6,0,-5,4,0,-6,100,90,77,1034,1033,1031,26,8,2,23,10,,0.25,7,Rain,347
2015-2-8,7,4,2,4,2,0,93,76,51,1035,1033,1030,11,9,7,34,23,42,0.00,6,,340
2015-2-9,7,4,2,5,4,2,100,90,78,1033,1031,1030,29,11,6,23,14,,0.00,7,Rain,299
2015-2-10,7,6,4,5,4,2,100,85,67,1033,1032,1030,31,13,9,14,10,,0.00,8,Rain,9
2015-2-11,5,4,4,3,2,1,87,79,70,1030,1026,1023,31,9,5,16,10,,0.00,8,,108
2015-2-12,5,4,3,2,2,1,93,81,66,1023,1021,1019,7,5,3,14,8,,0.00,8,,140
2015-2-13,11,6,1,4,2,1,93,73,46,1019,1012,1005,18,9,3,29,16,,0.00,6,Rain,159
2015-2-14,9,7,5,5,4,3,87,75,58,1010,1006,1004,19,11,5,23,18,,0.00,7,Rain,113
2015-2-15,7,3,-1,3,2,-2,93,81,60,1017,1013,1010,13,7,3,19,13,,0.00,5,Rain,69
2015-2-16,8,2,-3,4,1,-4,100,90,62,1021,1018,1017,5,2,0,18,6,,0.00,6,Fog,150
2015-2-17,8,4,-1,5,3,-1,100,88,61,1041,1032,1022,18,7,0,23,11,,0.00,7,Fog-Rain,282
2015-2-18,8,3,-2,2,0,-2,100,83,40,1041,1038,1033,27,9,0,23,10,,0.00,1,Fog,194
2015-2-19,8,3,-1,2,1,-1,100,80,57,1033,1025,1017,10,6,2,39,23,53,1.02,6,Rain,195
2015-2-20,7,6,4,6,4,2,100,92,75,1017,1007,996,10,6,2,32,23,48,16.00,8,Rain,200
2015-2-21,6,3,0,3,2,-1,93,85,70,1004,999,996,31,12,5,21,13,,3.05,6,Rain-Snow-Thunderstorm,270
2015-2-22,7,3,-1,3,1,-2,100,81,50,1010,1005,996,31,12,5,42,14,69,5.08,5,Rain,201
2015-2-23,9,6,3,5,3,1,93,79,51,995,992,991,31,12,2,43,32,60,0.00,6,Rain-Snow,215
2015-2-24,8,6,3,4,2,1,93,78,60,1012,1002,994,27,12,6,37,27,53,3.05,6,Rain,234
2015-2-25,7,4,1,6,3,1,100,89,65,1019,1015,1012,19,10,2,24,14,,2.03,7,Rain,214
2015-2-26,9,6,3,8,6,4,100,95,86,1019,1013,1008,10,4,0,26,16,,5.08,8,Fog-Rain,180
2015-2-27,8,4,1,4,2,-1,93,77,58,1021,1016,1010,23,12,10,24,18,,0.00,5,Rain,304
2015-2-28,9,4,0,4,1,0,93,72,48,1021,1013,1002,31,13,10,37,21,58,0.00,8,,186
2015-3-1,10,8,6,8,5,3,96,76,54,1002,999,995,24,10,2,43,35,69,3.05,5,Rain,223
2015-3-2,8,6,4,3,1,-2,81,66,44,1014,1005,996,26,14,10,42,29,61,2.03,4,Rain,259
2015-3-3,8,6,3,5,2,-1,93,76,61,1018,1015,1013,31,14,7,35,24,55,4.06,6,Rain,236
2015-3-4,7,6,3,4,2,0,87,74,59,1034,1025,1018,26,13,10,35,23,53,0.25,7,Rain,283
2015-3-5,9,4,0,5,3,0,100,81,55,1038,1037,1034,31,12,3,23,13,,0.00,6,Fog,262
2015-3-6,9,7,4,5,3,1,93,73,49,1036,1034,1031,31,14,10,24,14,,0.00,8,,226
2015-3-7,13,9,4,4,3,2,87,67,40,1032,1027,1024,27,12,10,29,19,,0.00,8,,199
2015-3-8,13,9,6,8,4,2,94,72,50,1025,1023,1021,19,11,8,26,19,,0.00,8,Rain,222
2015-3-9,12,7,2,7,6,2,100,84,62,1028,1026,1023,31,10,0,23,11,,0.25,6,Fog-Rain,203
2015-3-10,11,6,2,8,5,2,100,81,55,1032,1028,1024,16,9,0,26,16,,0.00,6,Fog-Rain,323
2015-3-11,10,4,-2,4,0,-2,100,76,38,1033,1031,1030,31,9,0,19,5,,0.00,6,Fog-Rain,112
2015-3-12,12,6,-1,2,1,-2,87,63,33,1032,1029,1026,31,13,10,26,11,,0.00,1,,102
2015-3-13,9,5,1,3,1,-1,93,72,46,1027,1025,1023,24,10,6,24,14,,0.00,4,,79
2015-3-14,5,3,1,3,1,-2,93,80,64,1030,1029,1027,29,11,6,26,16,,0.00,7,Rain,46
2015-3-15,7,6,4,4,3,2,93,81,66,1029,1027,1026,14,10,6,26,18,,0.00,7,Rain,61
2015-3-16,12,7,1,4,3,1,100,75,42,1026,1024,1022,13,8,3,21,13,,0.00,7,,74
2015-3-17,16,8,-1,7,4,-1,100,77,32,1026,1024,1023,10,5,2,14,5,,0.00,8,,48
2015-3-18,7,4,1,6,5,1,100,96,89,1030,1028,1025,3,1,0,26,11,,0.00,8,Fog-Rain,332
2015-3-19,11,8,4,7,5,3,95,85,63,1030,1029,1027,8,5,2,21,13,,0.00,7,,354
2015-3-20,9,6,2,4,3,1,100,86,63,1029,1026,1020,7,4,2,14,8,,0.00,7,,351
2015-3-21,9,6,2,6,4,1,100,83,68,1025,1020,1017,31,11,2,34,19,52,0.25,7,Rain,327
2015-3-22,8,4,2,3,1,-1,81,70,52,1028,1025,1021,31,14,10,26,16,,0.00,8,,77
2015-3-23,8,3,-2,3,1,-2,100,79,52,1022,1016,1011,24,8,5,18,10,,0.00,6,,223
2015-3-24,9,4,0,6,3,0,100,87,64,1012,1008,1007,10,5,2,14,8,,3.05,6,Rain,211
2015-3-25,7,7,5,6,4,2,100,89,67,1010,1008,1006,31,8,2,19,10,,1.02,8,Rain,336
2015-3-26,8,4,0,6,3,-1,100,85,60,1010,1006,1003,27,11,3,35,14,50,0.00,5,Rain,212
2015-3-27,10,6,2,5,3,1,94,76,58,1023,1017,1008,21,12,10,34,24,,0.00,6,,270
2015-3-28,12,7,2,10,6,1,100,86,63,1023,1014,1005,23,10,2,55,19,69,1.02,8,Rain,196
2015-3-29,11,9,8,9,7,3,100,85,66,1005,998,989,31,9,4,61,37,95,11.94,7,Rain,243
2015-3-30,9,7,6,5,2,0,93,66,46,1010,1004,995,31,14,8,43,31,64,7.11,5,Rain,266
2015-3-31,11,7,3,9,5,0,100,74,48,1010,1000,990,26,11,4,61,40,84,2.03,5,Rain-Thunderstorm,265
2015-4-1,9,7,4,4,2,0,93,67,50,1020,1016,1010,31,12,3,47,39,74,3.05,6,Rain,279
2015-4-2,8,6,3,6,2,-1,93,73,44,1024,1017,1010,27,13,6,37,27,55,0.00,6,Rain,301
2015-4-3,8,4,0,3,1,0,100,72,47,1024,1020,1017,31,14,10,16,10,34,0.00,7,Rain,152
2015-4-4,9,6,2,4,2,0,93,78,49,1024,1020,1016,31,13,8,27,13,,0.51,6,Rain,30
2015-4-5,11,4,-2,2,1,-2,100,73,34,1029,1026,1024,31,13,5,19,8,,0.00,3,,352
2015-4-6,12,6,1,6,4,1,100,85,59,1035,1030,1028,31,13,10,13,5,,0.00,7,Rain,336
2015-4-7,12,7,1,7,4,1,100,85,47,1038,1036,1034,19,8,0,23,6,,0.00,4,Fog,272
2015-4-8,14,8,1,9,6,2,100,87,49,1035,1034,1032,23,5,0,13,5,,0.00,5,Fog-Rain-Snow,32
2015-4-9,18,10,2,9,7,3,100,81,44,1032,1027,1024,10,6,0,14,5,,0.00,2,Fog,17
2015-4-10,21,11,2,9,6,2,100,74,32,1024,1020,1014,9,4,0,14,5,,0.00,5,Fog,222
2015-4-11,13,9,5,10,7,2,94,76,57,1026,1017,1013,31,11,4,43,16,63,2.03,7,Rain-Hail,222
2015-4-12,16,10,4,7,5,3,93,68,37,1028,1026,1022,31,13,10,40,18,63,0.00,7,,212
2015-4-13,12,8,3,6,4,2,93,72,39,1033,1030,1026,31,14,10,26,13,,0.00,5,Rain,280
2015-4-14,19,12,5,10,7,3,87,68,35,1030,1025,1021,31,13,6,32,13,50,0.00,8,,227
2015-4-15,21,14,7,11,8,6,87,67,30,1022,1017,1014,31,13,6,23,13,,0.00,,,258
2015-4-16,14,10,6,7,4,2,100,70,33,1018,1016,1015,31,11,3,29,11,,0.00,5,,45
2015-4-17,12,9,6,6,3,2,81,66,47,1025,1020,1016,31,13,10,26,16,,0.00,6,,35
2015-4-18,14,8,1,5,3,1,100,69,35,1029,1027,1025,31,14,10,23,11,,0.00,1,,34
2015-4-19,13,7,1,5,3,1,100,74,41,1027,1024,1022,31,14,10,18,8,,0.00,6,,359
2015-4-20,17,10,3,8,5,2,100,71,33,1031,1028,1025,29,12,6,23,10,,0.00,,,27
2015-4-21,16,9,3,9,6,1,100,75,29,1033,1032,1030,31,13,6,23,10,,0.00,2,,360
2015-4-22,12,7,1,7,6,1,100,83,63,1033,1030,1025,31,11,0,23,11,,0.00,8,Fog,5
2015-4-23,14,10,5,8,6,4,93,75,52,1025,1021,1016,23,11,5,14,8,,0.00,7,,352
2015-4-24,19,10,1,10,7,1,100,76,35,1017,1012,1009,14,6,0,23,8,42,0.00,5,Fog,249
2015-4-25,15,12,10,12,9,7,94,80,55,1009,1007,1006,31,12,3,32,18,,0.25,7,Rain,224
2015-4-26,11,10,9,11,9,6,100,88,72,1007,1006,1005,31,11,3,18,11,,0.51,7,Rain,316
2015-4-27,12,8,3,6,3,1,93,67,39,1012,1009,1006,31,15,10,26,16,,0.00,6,,358
2015-4-28,11,6,0,5,1,-2,93,66,34,1020,1015,1012,31,15,10,29,13,34,0.00,4,Rain,237
2015-4-29,15,10,5,7,3,2,93,66,33,1020,1015,1012,31,14,6,37,18,52,2.03,6,Rain,209
2015-4-30,13,9,4,7,5,1,100,72,33,1013,1011,1010,31,13,6,29,16,,0.00,5,Rain,238
2015-5-1,13,8,2,4,3,1,93,69,40,1011,1010,1009,31,15,10,23,10,,0.00,5,,346
2015-5-2,15,8,2,6,4,2,100,67,39,1013,1011,1008,31,13,5,21,8,23,0.00,5,,55
2015-5-3,17,12,8,15,9,1,100,75,42,1008,1002,998,31,13,2,35,18,55,2.03,7,Rain,148
2015-5-4,19,16,12,12,10,8,88,70,45,1008,1005,999,31,14,10,32,24,48,6.10,6,Rain,204
2015-5-5,21,17,12,16,11,5,100,76,45,1007,998,991,31,13,3,64,27,90,6.10,6,Rain-Thunderstorm,195
2015-5-6,16,12,9,9,7,6,82,66,52,1010,1007,1006,31,13,3,53,31,76,4.06,6,Rain-Hail-Thunderstorm,217
2015-5-7,15,12,9,9,8,6,87,71,52,1018,1015,1010,31,13,8,40,27,55,0.00,6,Rain,247
2015-5-8,18,13,9,11,8,6,94,66,36,1018,1015,1012,31,13,9,13,6,,1.02,6,Rain,113
2015-5-9,16,13,11,13,10,7,94,76,52,1021,1015,1011,27,13,8,48,27,71,0.00,6,Rain,236
2015-5-10,18,11,4,11,8,4,100,72,47,1027,1025,1022,31,13,8,21,10,,0.00,3,,197
2015-5-11,24,17,11,15,11,9,94,65,40,1023,1020,1018,31,14,10,29,11,,0.00,7,,196
2015-5-12,17,14,12,12,9,6,88,70,40,1021,1017,1015,31,15,10,35,14,40,0.00,6,Rain,253
2015-5-13,17,11,6,9,7,4,93,69,41,1022,1019,1016,31,14,10,21,14,,0.00,3,,287
2015-5-14,16,10,4,7,6,3,100,67,38,1017,1014,1011,31,13,7,23,10,,0.00,7,Fog,60
2015-5-15,13,10,5,7,5,3,87,68,49,1023,1019,1012,31,15,10,23,16,,0.00,7,,360
2015-5-16,14,9,5,12,8,3,100,79,45,1026,1022,1020,31,11,2,24,13,,2.03,7,Rain,255
2015-5-17,16,12,8,8,6,3,82,62,38,1026,1024,1020,31,15,10,24,11,,0.00,6,,255
2015-5-18,14,11,8,12,8,6,94,78,62,1020,1009,1002,31,12,5,40,18,60,3.05,6,Rain,211
2015-5-19,14,11,8,9,6,4,94,72,46,1008,1004,1002,31,14,6,37,23,52,1.02,5,Rain-Thunderstorm,232
2015-5-20,13,10,7,9,6,5,93,74,52,1021,1013,1007,31,14,10,24,16,,0.00,5,Rain-Thunderstorm,247
2015-5-21,16,10,4,10,7,4,100,73,40,1027,1024,1021,31,13,6,21,10,,0.00,4,,263
2015-5-22,19,15,11,12,9,8,88,70,45,1027,1025,1023,29,12,9,21,13,,0.00,6,,234
2015-5-23,16,12,9,12,9,5,94,76,46,1024,1023,1021,26,11,5,23,10,,0.00,7,Rain,350
2015-5-24,18,10,2,11,6,3,100,69,26,1023,1020,1017,31,12,0,16,6,,0.25,7,Fog-Rain,290
2015-5-25,16,12,9,13,8,5,100,73,48,1019,1017,1016,31,12,2,21,10,,0.00,7,Rain,328
2015-5-26,16,11,6,8,6,3,100,67,31,1025,1021,1018,31,15,10,19,10,,0.00,5,Rain,318
2015-5-27,18,12,6,11,8,6,100,72,48,1025,1022,1016,31,15,10,24,8,,0.00,7,,242
2015-5-28,16,13,8,11,8,5,88,67,42,1016,1013,1012,31,14,10,34,23,,1.02,6,Rain,248
2015-5-29,16,11,7,10,8,5,94,77,48,1014,1009,1005,31,13,9,42,19,63,0.76,6,Rain,218
2015-5-30,15,11,6,7,5,4,93,65,41,1016,1012,1007,31,13,10,29,14,,0.00,5,Rain-Thunderstorm,260
2015-5-31,16,12,8,15,10,6,100,81,60,1015,1009,1005,31,10,5,34,16,50,6.10,7,Rain,200
2015-6-1,17,11,6,9,6,3,94,65,35,1016,1014,1010,31,15,10,26,11,35,0.00,4,Rain,237
2015-6-2,17,14,11,15,11,5,94,76,45,1011,1008,1006,31,13,5,47,31,71,2.03,7,Rain,207
2015-6-3,18,14,9,11,9,7,94,68,45,1027,1020,1011,27,12,9,35,24,60,0.00,5,,265
2015-6-4,22,13,6,10,8,6,100,63,29,1029,1026,1022,31,13,1,23,8,,0.00,,Fog,90
2015-6-5,32,21,10,19,13,9,100,63,28,1022,1017,1013,31,13,5,23,10,45,3.05,4,Rain-Thunderstorm,153
2015-6-6,18,14,11,14,8,2,94,61,25,1028,1023,1016,31,15,9,27,19,,0.00,5,Rain,263
2015-6-7,18,13,8,10,8,5,100,66,31,1032,1030,1027,31,14,6,19,11,,0.00,2,,313
2015-6-8,18,12,7,8,6,4,87,63,34,1032,1031,1030,31,14,10,29,13,,0.00,4,,15
2015-6-9,14,11,7,8,6,5,88,69,45,1032,1031,1029,31,15,10,24,13,,0.00,7,Rain,26
2015-6-10,21,13,5,10,8,6,100,66,32,1030,1027,1024,31,13,2,26,14,,0.00,3,Fog,41
2015-6-11,24,17,9,12,8,6,87,54,22,1026,1020,1015,31,15,10,24,18,,0.00,,,63
2015-6-12,27,19,11,16,12,9,88,57,27,1015,1011,1007,31,14,10,23,14,,0.00,6,Thunderstorm,80
2015-6-13,21,18,15,16,13,11,94,73,46,1011,1009,1006,31,13,8,37,19,53,0.51,8,Rain,225
2015-6-14,19,17,13,14,12,12,90,80,57,1015,1012,1011,27,11,6,19,10,,0.00,7,,325
2015-6-15,18,14,11,12,7,4,94,62,32,1024,1020,1015,31,13,7,26,18,,0.00,7,Rain,30
2015-6-16,17,11,6,9,7,5,100,69,43,1027,1025,1024,31,14,10,14,8,,0.00,6,,15
2015-6-17,22,14,7,16,11,7,100,74,35,1026,1022,1017,31,14,6,29,11,,0.25,6,Rain,232
2015-6-18,16,14,12,16,10,6,100,74,50,1020,1018,1016,31,13,3,26,16,,0.00,6,Rain,297
2015-6-19,16,13,11,11,9,8,100,76,59,1020,1019,1018,31,14,5,26,14,,0.51,6,Rain,298
2015-6-20,18,14,12,11,9,6,82,67,39,1022,1020,1019,10,10,10,16,11,,0.51,5,Rain,304
2015-6-21,16,14,12,16,13,9,100,86,55,1020,1015,1013,31,10,2,23,11,,2.03,7,Rain,231
2015-6-22,15,13,11,13,11,8,94,83,62,1013,1009,1006,31,13,8,23,13,35,4.06,5,Rain,249
2015-6-23,16,12,9,12,10,8,94,81,63,1020,1013,1007,31,13,5,29,14,37,0.00,7,Rain,303
2015-6-24,22,17,12,12,10,9,88,67,38,1022,1021,1019,31,14,10,29,11,,0.00,7,,253
2015-6-25,23,18,12,14,12,11,88,67,40,1022,1021,1020,31,14,10,18,10,,0.00,6,,247
2015-6-26,26,19,12,14,12,7,100,62,24,1022,1018,1014,31,12,10,24,8,,0.00,7,Rain,219
2015-6-27,21,17,14,15,13,11,94,72,50,1022,1017,1013,31,14,10,26,16,,0.00,5,Rain,276
2015-6-28,24,18,12,14,12,11,94,68,40,1022,1020,1018,31,14,10,21,10,39,0.00,5,Rain,206
2015-6-29,22,18,13,15,13,10,96,69,41,1023,1021,1019,31,14,6,16,10,,0.00,4,Rain,291
2015-6-30,27,19,11,14,12,11,100,61,27,1023,1021,1018,31,13,0,19,6,,0.00,,Fog-Rain,71
2015-7-1,34,24,16,17,14,12,72,45,20,1019,1016,1013,31,14,10,26,14,,0.00,,,104
2015-7-2,27,24,21,20,17,15,78,61,39,1022,1017,1014,31,14,10,27,11,,0.00,4,Rain-Thunderstorm,282
2015-7-3,28,22,16,21,18,16,94,71,44,1025,1023,1020,31,12,6,26,8,,0.00,,,325
2015-7-4,31,24,18,23,19,14,88,68,45,1021,1018,1015,31,12,10,29,18,,0.00,8,,226
2015-7-5,27,22,16,17,16,14,94,74,39,1021,1017,1014,31,14,6,29,10,48,5.08,6,Rain-Thunderstorm,250
2015-7-6,23,19,14,15,13,11,94,71,41,1021,1019,1017,31,13,10,26,16,,0.00,3,,252
2015-7-7,24,18,12,16,14,12,100,71,41,1017,1010,1006,31,14,10,40,13,61,0.00,4,Rain,227
2015-7-8,19,16,13,15,13,9,100,75,54,1013,1009,1006,31,13,5,35,26,42,2.03,6,Rain,258
2015-7-9,17,13,10,11,9,7,94,70,43,1025,1020,1014,31,15,10,26,14,,0.51,5,Rain,309
2015-7-10,23,16,8,10,9,7,100,59,26,1025,1022,1017,31,15,10,19,8,,0.00,4,,160
2015-7-11,27,21,14,15,12,9,88,55,25,1018,1015,1013,31,14,10,26,13,,0.00,8,,213
2015-7-12,21,18,16,16,14,13,94,79,56,1017,1017,1016,31,13,10,35,19,50,0.00,7,Rain,234
2015-7-13,18,17,16,17,16,15,100,91,78,1016,1015,1014,24,10,3,29,19,,3.05,7,Rain,241
2015-7-14,19,18,16,17,17,16,100,90,76,1020,1016,1013,19,9,3,26,18,,1.02,7,Rain,266
2015-7-15,21,18,15,19,17,15,100,93,78,1020,1018,1017,31,8,1,23,10,,2.03,7,Rain,238
2015-7-16,24,18,12,16,14,12,100,73,40,1020,1018,1014,31,11,0,19,6,,0.25,5,Fog-Rain,20
2015-7-17,26,22,18,18,17,16,94,72,52,1014,1011,1007,31,13,8,40,23,60,1.02,5,Rain,218
2015-7-18,21,18,16,16,12,6,94,66,36,1018,1016,1014,31,13,10,24,16,,0.00,5,Rain,260
2015-7-19,21,18,14,16,13,7,100,76,44,1015,1011,1009,31,12,6,32,11,48,3.05,6,Rain,201
2015-7-20,22,18,15,20,16,11,100,80,59,1013,1012,1010,31,12,4,27,10,42,0.76,7,Rain,172
2015-7-21,25,21,17,19,15,11,94,67,32,1014,1012,1010,31,14,6,34,23,53,0.00,6,Rain,240
2015-7-22,23,20,16,16,13,9,94,68,35,1015,1014,1013,31,14,10,26,18,,0.25,4,,246
2015-7-23,22,18,13,16,11,7,94,64,34,1018,1017,1015,31,12,10,14,10,,0.00,5,Rain,284
2015-7-24,24,19,13,15,12,11,88,65,37,1017,1011,1001,31,14,10,21,6,,0.00,5,Rain,54
2015-7-25,17,15,13,16,13,8,94,80,57,1016,1004,996,26,11,5,53,24,84,7.87,6,Rain-Thunderstorm,263
2015-7-26,21,14,8,13,11,7,96,79,40,1016,1010,1000,31,13,3,29,14,,1.02,5,Rain,191
2015-7-27,19,17,13,16,14,13,100,85,68,1002,999,996,23,11,3,42,29,63,7.87,6,Rain,226
2015-7-28,18,16,13,14,12,10,94,78,51,1007,1004,1001,31,12,6,39,29,53,7.11,6,Rain,243
2015-7-29,17,14,11,12,11,9,100,77,53,1013,1008,1005,31,14,8,35,19,52,3.05,4,Rain-Thunderstorm,254
2015-7-30,17,13,9,13,10,8,94,77,54,1020,1015,1012,31,15,10,19,10,,1.02,5,Rain-Thunderstorm,291
2015-7-31,19,13,7,11,8,6,100,69,34,1021,1019,1017,31,14,0,14,5,,0.00,3,,110
2015-8-1,21,14,8,10,8,7,94,60,31,1018,1016,1015,31,13,3,14,6,,0.00,6,,327
2015-8-2,25,18,10,13,11,9,94,63,30,1021,1019,1016,31,14,10,16,6,,0.00,,,158
2015-8-3,27,21,16,18,14,10,88,62,38,1016,1013,1012,31,15,3,26,13,,0.00,8,,178
2015-8-4,21,18,16,17,14,10,96,76,45,1017,1013,1008,31,13,2,32,13,47,1.02,6,Rain,261
2015-8-5,26,19,13,13,11,9,82,56,30,1018,1015,1011,31,14,10,21,14,,0.00,8,,159
2015-8-6,26,21,15,18,15,13,94,70,40,1016,1013,1011,31,15,10,26,11,,0.00,3,,214
2015-8-7,24,19,13,17,15,12,100,75,40,1020,1017,1016,31,14,9,14,6,,0.00,5,,291
2015-8-8,23,19,15,16,14,11,100,72,43,1024,1022,1019,31,11,5,21,10,,0.00,5,,16
2015-8-9,25,18,11,17,14,11,100,75,43,1024,1021,1019,31,14,5,13,5,,0.00,5,,31
2015-8-10,23,20,17,17,16,13,94,78,61,1020,1017,1016,31,13,5,19,8,,0.00,6,Rain,254
2015-8-11,24,20,16,18,16,15,100,82,48,1022,1019,1016,31,13,2,14,8,,0.00,5,Rain,280
2015-8-12,23,20,17,18,16,14,94,78,53,1024,1022,1021,31,12,6,26,13,,0.00,7,Rain,37
2015-8-13,28,21,14,20,17,14,100,77,48,1022,1015,1009,31,13,3,32,16,50,22.10,6,Rain-Hail-Thunderstorm,59
2015-8-14,24,21,18,20,18,17,100,83,60,1010,1007,1005,31,12,6,23,13,,2.03,6,Rain-Thunderstorm,160
2015-8-15,20,18,15,18,16,14,100,90,74,1014,1009,1005,31,11,0,24,8,34,1.02,7,Fog-Rain-Thunderstorm,306
2015-8-16,18,16,13,15,12,10,100,75,52,1017,1015,1014,31,13,10,21,10,,0.51,7,Rain,337
2015-8-17,15,14,13,15,13,12,100,94,82,1017,1014,1012,31,10,4,19,11,,7.87,7,Rain,309
2015-8-18,17,14,13,14,13,12,100,90,67,1017,1013,1011,31,11,3,26,19,34,0.51,7,Rain,238
2015-8-19,22,18,13,14,13,11,97,74,41,1021,1019,1016,29,12,6,21,13,,0.00,5,Rain,175
2015-8-20,24,18,12,17,13,11,88,69,42,1023,1022,1020,31,14,10,14,8,34,0.00,8,,166
2015-8-21,26,21,16,18,16,15,94,75,47,1023,1022,1020,31,12,8,14,8,,0.00,6,Rain,154
2015-8-22,27,22,17,16,14,12,83,59,30,1021,1017,1013,31,14,9,23,11,,0.00,8,,108
2015-8-23,27,21,16,18,13,10,100,63,27,1014,1007,1002,31,14,5,37,19,60,2.03,5,Rain,112
2015-8-24,22,17,12,17,15,13,100,87,58,1004,1000,996,31,9,0,27,11,,10.92,6,Fog-Rain-Thunderstorm,161
2015-8-25,19,17,14,16,13,9,100,80,45,1013,1008,998,31,13,5,35,24,52,3.05,6,Rain,226
2015-8-26,24,19,14,17,16,15,94,78,52,1011,1009,1004,31,14,10,42,27,52,11.94,6,Rain-Hail-Thunderstorm,191
2015-8-27,17,16,15,17,14,13,100,86,77,1011,1008,1005,31,13,6,26,18,,10.92,6,Rain,206
2015-8-28,20,17,13,15,13,10,100,78,47,1021,1016,1011,31,13,8,23,14,,0.00,3,Rain,224
2015-8-29,23,17,10,14,12,9,100,72,34,1023,1021,1019,31,13,2,14,8,,5.08,6,Rain,156
2015-8-30,24,19,14,21,17,14,100,86,68,1021,1016,1014,18,10,5,24,11,,6.10,4,Rain-Thunderstorm,55
2015-8-31,25,21,17,21,19,16,100,92,70,1015,1010,1008,31,10,2,21,11,,9.91,6,Rain-Thunderstorm,116
2015-9-1,19,16,12,16,13,9,94,80,55,1018,1014,1009,31,14,8,26,14,,0.00,5,Rain,322
2015-9-2,18,13,9,14,11,8,100,81,51,1018,1016,1015,31,12,3,19,10,,0.76,3,Rain-Thunderstorm,247
2015-9-3,17,13,8,13,11,8,100,87,55,1016,1014,1013,31,12,2,26,6,,7.87,5,Rain-Thunderstorm,227
2015-9-4,16,12,9,14,12,8,100,86,66,1014,1013,1012,31,11,2,32,18,50,9.91,6,Rain,254
2015-9-5,17,14,12,13,11,7,100,78,56,1020,1016,1013,31,13,6,29,16,40,3.05,5,Rain,305
2015-9-6,17,14,11,12,9,6,94,73,51,1027,1024,1020,31,14,5,26,18,42,1.02,5,Rain,312
2015-9-7,18,15,12,14,12,10,100,83,66,1029,1027,1025,31,12,3,19,13,,0.25,7,Rain,330
2015-9-8,17,14,12,13,12,11,100,85,65,1029,1026,1024,31,12,5,14,5,,0.00,7,Rain,8
2015-9-9,20,14,9,13,11,9,100,81,48,1025,1024,1022,31,12,0,24,11,,0.00,5,Fog-Rain,62
2015-9-10,19,14,8,12,9,8,93,72,39,1024,1022,1021,31,12,10,26,14,,0.00,3,,79
2015-9-11,19,13,8,11,9,8,100,75,45,1021,1017,1014,31,14,9,19,11,,0.00,1,,82
2015-9-12,19,15,11,16,12,10,94,77,59,1015,1011,1009,31,12,7,26,13,,0.51,7,Rain,146
2015-9-13,19,16,12,17,13,10,94,81,52,1011,1006,999,31,11,10,29,13,,0.51,6,Rain-Snow,163
2015-9-14,20,17,13,15,13,8,100,86,67,1001,999,996,31,10,3,45,19,66,6.10,6,Rain-Thunderstorm,187
2015-9-15,14,12,11,13,9,8,94,78,56,1001,999,997,31,13,6,40,27,58,2.03,6,Rain,191
2015-9-16,19,14,11,18,13,9,100,86,70,1001,992,986,31,11,3,32,14,47,5.08,6,Rain,146
2015-9-17,16,14,13,15,13,11,100,87,72,1008,996,988,31,12,3,35,23,53,14.99,6,Rain,225
2015-9-18,17,14,11,13,12,11,100,85,65,1015,1012,1008,31,13,0,29,16,,4.06,6,Fog-Rain,189
2015-9-19,17,14,11,13,11,9,100,87,56,1026,1021,1015,31,8,0,16,6,,0.51,6,Fog-Rain,337
2015-9-20,18,13,8,13,11,8,100,85,59,1026,1024,1021,31,13,2,21,8,,0.00,5,,243
2015-9-21,18,14,11,13,12,10,100,81,56,1021,1014,1006,31,11,5,29,14,45,0.00,5,Rain,201
2015-9-22,17,14,10,13,12,9,100,89,55,1006,1001,998,31,12,5,26,16,,1.02,6,Rain,215
2015-9-23,16,13,9,14,12,9,100,89,71,1014,1007,1001,31,12,6,26,11,,12.95,6,Rain-Snow,265
2015-9-24,16,13,11,13,12,11,100,91,80,1018,1014,1013,31,12,5,27,18,,4.06,7,Rain,202
2015-9-25,17,12,8,13,11,8,100,86,59,1026,1021,1018,31,12,5,21,11,,0.76,4,Fog-Rain,237
2015-9-26,17,11,5,11,8,6,100,85,50,1030,1028,1025,31,10,0,14,3,,0.00,3,Fog,31
2015-9-27,17,11,5,11,9,5,100,84,53,1036,1033,1030,31,11,0,21,8,,0.00,3,Fog-Rain,46
2015-9-28,17,11,4,12,9,5,100,85,54,1038,1037,1036,31,10,0,24,8,,0.00,6,Fog-Rain,51
2015-9-29,17,11,4,10,8,5,100,78,43,1037,1036,1034,31,12,6,29,13,,0.00,,,57
2015-9-30,17,11,5,10,8,5,100,76,44,1036,1034,1032,31,14,10,27,14,,0.00,1,,66
2015-10-1,17,11,6,9,8,6,100,79,46,1034,1031,1029,31,13,6,29,14,,0.00,,,54
2015-10-2,17,10,3,10,7,4,100,80,42,1030,1025,1019,31,9,0,23,8,,0.00,,Fog-Rain,49
2015-10-3,18,11,3,12,8,3,100,85,51,1020,1015,1012,14,6,0,11,5,,0.00,8,Fog,85
2015-10-4,17,11,5,13,10,6,100,90,57,1016,1015,1013,10,3,0,19,5,32,0.00,5,Fog-Rain,200
2015-10-5,17,11,6,14,11,6,100,88,70,1014,1010,1005,31,10,0,24,8,,1.02,7,Fog-Rain,125
2015-10-6,18,16,13,16,14,13,100,93,82,1005,1002,999,31,7,2,23,10,,0.51,7,Rain,138
2015-10-7,17,16,14,15,14,13,100,91,82,1014,1007,1002,31,12,5,26,16,39,7.11,7,Rain-Snow,198
2015-10-8,16,13,11,13,11,8,95,80,48,1022,1019,1014,31,13,6,21,10,,0.00,7,Rain,254
2015-10-9,16,12,8,11,10,8,100,89,59,1023,1022,1021,31,10,2,13,6,,0.00,6,,82
2015-10-10,15,11,8,11,9,5,100,86,57,1023,1020,1019,16,8,0,24,10,,0.00,7,Fog,52
2015-10-11,12,7,3,4,3,1,93,72,47,1019,1018,1017,31,13,9,23,16,,0.00,,,68
2015-10-12,11,6,1,4,2,-1,93,76,50,1020,1018,1017,31,13,9,14,11,,0.00,8,,64
2015-10-13,7,4,2,3,2,1,100,80,61,1022,1020,1017,14,10,6,34,13,47,0.00,6,,39
2015-10-14,9,6,2,7,4,2,100,90,73,1022,1020,1018,31,10,5,29,8,,1.02,7,Fog-Rain,19
2015-10-15,8,6,2,8,5,2,100,93,78,1021,1019,1017,10,5,2,14,8,,6.10,7,Rain,11
2015-10-16,10,8,7,10,8,6,100,95,78,1020,1018,1016,10,5,0,18,8,,0.51,7,Fog-Rain,20
2015-10-17,10,8,5,10,9,5,100,95,83,1019,1017,1016,8,5,2,11,6,,0.00,7,Rain,87
2015-10-18,12,8,3,11,8,3,100,93,73,1020,1019,1019,11,5,0,11,5,,0.00,7,Fog-Rain,345
2015-10-19,13,11,8,11,10,8,100,94,78,1024,1022,1020,11,6,0,13,5,,0.00,7,Fog,11
2015-10-20,14,10,7,11,9,7,100,91,60,1025,1024,1023,31,9,0,16,5,,1.02,6,Fog-Rain,307
2015-10-21,12,9,5,11,9,6,100,95,74,1024,1018,1013,14,6,0,29,11,,2.03,7,Fog-Rain,204
2015-10-22,16,12,9,14,11,7,100,89,62,1021,1014,1011,26,9,2,24,16,40,1.02,8,Rain,246
2015-10-23,14,11,9,9,8,6,94,76,51,1024,1022,1020,31,14,10,21,8,,0.00,8,,202
2015-10-24,14,12,11,10,8,6,88,74,58,1021,1016,1014,31,14,10,21,13,34,0.00,8,Rain,190
2015-10-25,14,10,6,12,8,5,100,81,51,1026,1023,1017,31,14,3,16,8,,0.25,6,Rain,337
2015-10-26,16,10,4,11,8,4,100,87,62,1024,1019,1016,18,10,5,21,10,,0.00,6,,101
2015-10-27,17,11,6,12,9,6,100,86,59,1016,1013,1011,13,8,3,16,10,,0.00,8,,106
2015-10-28,14,11,8,13,11,8,100,90,75,1011,1009,1008,13,8,5,21,11,32,0.00,7,Rain,136
2015-10-29,15,12,8,11,10,8,100,91,68,1021,1016,1011,19,8,0,23,11,32,0.00,6,Fog,188
2015-10-30,16,12,8,11,9,8,100,84,57,1026,1023,1021,26,10,6,21,13,37,0.00,8,,137
2015-10-31,15,11,6,10,8,6,100,87,59,1027,1025,1023,10,6,2,14,10,,0.00,,,117
2015-11-1,16,10,3,11,8,3,100,92,63,1030,1029,1027,8,3,0,13,5,,0.00,2,Fog-Rain,136
2015-11-2,15,9,3,9,7,3,100,89,53,1029,1025,1022,14,5,0,18,6,,0.00,7,Fog-Rain,81
2015-11-3,17,9,2,10,7,2,100,82,51,1023,1019,1017,29,8,0,14,8,,0.00,5,Fog-Rain,144
2015-11-4,16,13,11,13,10,7,94,80,58,1017,1016,1015,31,12,3,26,14,,0.00,7,Rain,174
2015-11-5,16,13,12,14,12,11,100,90,79,1019,1017,1015,26,9,3,23,16,35,2.03,6,Rain,177
2015-11-6,17,16,14,16,14,13,100,92,79,1019,1016,1015,31,11,3,40,23,55,1.02,8,Rain,215
2015-11-7,18,16,14,16,15,13,100,91,78,1024,1020,1018,31,12,3,40,26,74,2.03,7,Rain,218
2015-11-8,17,12,7,15,12,7,100,89,73,1028,1023,1015,31,10,0,29,18,47,0.51,6,Fog-Rain-Snow,189
2015-11-9,14,13,13,15,11,7,94,82,61,1022,1020,1016,27,12,6,43,32,61,2.03,6,Rain,237
2015-11-10,15,14,13,14,13,11,100,91,74,1023,1021,1019,14,10,6,45,37,66,0.25,7,Rain,234
2015-11-11,13,12,12,12,11,10,94,86,73,1023,1022,1021,27,12,6,29,26,,0.00,7,Rain,218
2015-11-12,15,13,12,13,11,10,94,85,70,1025,1022,1019,29,12,10,29,19,35,0.00,7,Rain,205
2015-11-13,13,11,8,12,7,2,94,73,47,1023,1019,1017,31,12,6,40,26,66,2.03,4,Rain,238
2015-11-14,12,10,8,12,6,2,100,75,52,1025,1021,1012,26,13,4,47,29,60,2.03,6,Rain,241
2015-11-15,14,12,9,13,12,10,96,87,75,1013,1010,1008,21,10,3,53,42,82,1.02,8,Rain,240
2015-11-16,13,12,11,12,10,9,94,84,70,1013,1010,1009,31,13,5,39,29,71,2.03,7,Rain,222
2015-11-17,15,13,11,14,12,10,100,89,72,1009,1004,1000,26,9,3,61,27,87,8.89,7,Rain,224
2015-11-18,14,12,11,12,9,6,88,72,55,1014,1010,1001,27,12,6,58,42,90,0.25,7,Rain,240
2015-11-19,13,11,8,9,8,7,100,76,60,1013,1010,1008,31,12,10,43,32,66,5.08,5,Rain-Snow,249
2015-11-20,9,8,7,7,4,1,82,69,54,1010,1005,997,31,12,10,29,19,45,1.02,4,Rain,271
2015-11-21,8,6,2,5,3,0,93,80,60,1004,997,991,31,12,5,40,23,63,4.06,5,Rain,319
2015-11-22,5,2,0,4,1,-1,100,89,75,1017,1010,1004,27,11,6,16,8,,6.10,5,Rain,301
2015-11-23,8,2,-3,3,1,-2,100,85,53,1024,1022,1018,31,12,10,23,10,,0.25,5,Rain,235
2015-11-24,7,6,4,7,3,1,100,89,72,1022,1012,1005,21,10,4,39,26,61,7.11,7,Rain,198
2015-11-25,9,7,4,7,4,2,100,87,75,1011,1006,1004,31,14,5,29,13,35,4.06,5,Rain,291
2015-11-26,9,6,1,6,3,1,100,89,59,1021,1017,1011,31,14,10,13,8,,0.76,5,Rain,240
2015-11-27,7,4,2,6,5,3,100,93,85,1021,1013,1004,19,8,2,35,19,,0.51,8,Rain,188
2015-11-28,8,7,5,7,4,2,100,80,56,1013,1009,1003,24,11,2,47,29,69,2.03,6,Rain,243
2015-11-29,12,9,7,10,8,5,94,81,67,1010,1006,1004,23,10,3,60,37,85,3.05,6,Rain-Hail,242
2015-11-30,13,10,7,11,7,0,100,79,52,1018,1013,1009,27,10,2,53,34,89,13.97,6,Rain-Hail,253
2015-12-1,13,10,7,12,9,6,100,91,77,1024,1021,1015,31,10,2,32,14,,1.02,7,Rain,239
2015-12-2,12,11,10,9,7,6,88,74,62,1026,1025,1024,31,14,10,34,26,,0.00,8,,215
2015-12-3,11,10,9,7,7,6,87,78,66,1026,1024,1017,31,14,10,29,21,45,0.00,7,,188
2015-12-4,11,9,8,10,7,5,100,82,65,1029,1024,1015,31,12,6,39,29,55,2.03,6,Rain,231
2015-12-5,9,8,7,7,5,2,87,77,57,1028,1022,1017,31,15,10,45,35,69,0.00,5,,206
2015-12-6,12,9,7,12,8,5,100,83,68,1024,1019,1016,29,12,5,43,34,63,0.51,8,Rain,209
2015-12-7,12,11,10,11,9,8,100,89,78,1029,1028,1025,18,9,2,23,16,,0.00,7,Rain,178
2015-12-8,11,10,8,10,8,7,100,87,74,1028,1025,1023,19,11,2,29,21,,4.06,7,Rain,183
2015-12-9,9,6,3,7,5,2,93,80,64,1036,1033,1027,19,12,10,26,18,,0.00,3,,230
2015-12-10,7,6,6,5,4,3,93,84,71,1034,1028,1022,26,12,8,35,29,53,1.02,8,Rain,195
2015-12-11,9,7,5,8,6,3,100,88,66,1023,1020,1019,31,11,5,39,26,48,11.94,7,Rain,232
2015-12-12,12,7,3,9,5,1,100,83,67,1023,1019,1011,26,13,8,58,19,77,0.51,6,Rain-Snow,220
2015-12-13,8,7,6,10,6,5,100,90,75,1022,1019,1011,31,12,2,50,23,72,0.51,7,Rain,110
2015-12-14,9,8,6,8,7,5,100,91,78,1021,1019,1017,14,7,0,21,10,,0.00,8,Fog,179
2015-12-15,11,8,4,8,7,4,100,91,78,1022,1021,1019,11,8,3,21,8,,1.02,6,Rain-Snow,140
2015-12-16,13,11,9,12,11,8,100,93,82,1022,1020,1018,18,9,2,29,21,,1.02,7,Rain,205
2015-12-17,14,13,12,13,11,9,100,83,65,1022,1019,1016,26,12,5,27,23,,0.51,7,Rain-Snow,200
2015-12-18,12,11,10,12,9,8,100,86,68,1021,1020,1017,24,11,5,32,23,,0.00,7,Rain,219
2015-12-19,14,12,11,13,11,9,100,90,75,1020,1017,1014,21,10,3,27,23,,0.00,6,,186
2015-12-20,13,12,11,11,9,8,94,81,70,1016,1014,1011,26,13,10,32,23,42,0.25,6,Rain,192
2015-12-21,12,10,8,10,8,6,94,84,71,1020,1016,1013,31,13,5,48,31,72,6.10,6,Rain,219
2015-12-22,14,12,10,11,11,8,95,86,72,1020,1016,1014,31,12,5,43,29,71,0.00,8,Rain,206
2015-12-23,12,10,8,11,8,4,94,79,55,1025,1020,1013,31,12,5,43,32,61,0.51,5,Rain,217
2015-12-24,12,9,7,9,7,4,100,84,63,1023,1017,1012,31,12,3,37,23,52,4.06,6,Rain,195
2015-12-25,14,10,7,11,7,3,100,83,57,1025,1023,1020,31,13,2,37,21,52,0.51,7,Rain,204
2015-12-26,14,12,11,11,10,8,88,81,72,1022,1021,1020,31,15,10,40,32,60,0.00,7,Rain,208
2015-12-27,13,11,10,10,9,8,88,81,72,1028,1022,1019,24,12,10,34,29,53,0.00,7,Rain,208
2015-12-28,11,9,7,9,6,6,93,80,61,1028,1024,1020,27,13,10,24,13,,0.00,8,,134
2015-12-29,10,8,7,9,7,4,94,84,72,1027,1022,1019,31,14,10,23,18,37,1.02,6,Rain,173
2015-12-30,10,8,6,7,6,5,93,81,66,1027,1020,1011,31,14,10,35,24,52,0.00,8,,158
2015-12-31,10,8,7,7,5,4,93,78,64,1020,1015,1010,26,12,6,37,26,61,1.02,5,Rain,189